3.467,30,104,49
B0,mixamorig_Hips,-1,0.7298375964164734,0.0034663535188883543,0.6836117506027222,0,-0.6817522644996643,0.07756330817937851,0.7274594306945801,0,-0.05050118267536163,-0.9969812035560608,0.05897168815135956,0,-0.21484655141830444,17.7088623046875,0.08926219493150711,1
B1,mixamorig_Spine,0,-0.9965507984161377,0.08172730356454849,-0.014398450963199139,0,0.013748347759246826,-0.008511700667440891,-0.9998693466186523,0,-0.08183994889259338,-0.9966186285018921,0.007359135430306196,0,0,-0.28628700971603394,-2.6175179481506348,1
B2,mixamorig_Spine1,1,0.9861836433410645,0.0024454661179333925,-0.16563715040683746,0,-0.03568112850189209,0.9795564413070679,-0.19798067212104797,0,0.16176669299602509,0.2011553943157196,0.9661098122596741,0,0,3.071984052658081,0,1
B3,mixamorig_Spine2,2,0.9861838221549988,0.0024454661179333925,-0.16563715040683746,0,-0.03568112850189209,0.9795564413070679,-0.19798067212104797,0,0.16176651418209076,0.2011553943157196,0.9661098122596741,0,0,3.5108389854431152,0,1
B4,mixamorig_Neck,3,-0.9997445344924927,0.002773277461528778,-0.022428400814533234,0,0.022322043776512146,-0.033831145614385605,-0.9991781711578369,0,-0.0035297393333166838,-0.999423623085022,0.03376014530658722,0,0,3.9496920108795166,0,1
B5,mixamorig_Head,4,0.937061071395874,-0.3462812602519989,0.04478498548269272,0,0.3491097688674927,0.931463360786438,-0.10246353596448898,0,-0.006234576925635338,0.11165034770965576,0.9937282204627991,0,0,0.6371380090713501,-1.268744945526123,1
B6,mixamorig_HeadTop_End,5,1,0,0,0,0,1,0,0,0,0,1,0,0,1.9403979778289795,-3.863953113555908,1
B7,mixamorig_LeftShoulder,3,0.032831378281116486,0.02538035809993744,0.9991388320922852,0,-0.9162883162498474,-0.39849308133125305,0.04023202136158943,0,0.39917024970054626,-0.9168205261230469,0.010172385722398758,0,-2.1875059604644775,3.0590460300445557,0.09289299696683884,1
B8,mixamorig_LeftArm,7,-0.9768640995025635,0.08297106623649597,-0.1971110999584198,0,-0.1258217692375183,0.5223113298416138,0.8434213399887085,0,0.17293302714824677,0.848709225654602,-0.49978718161582947,0,0,4.661481857299805,0,1
B9,mixamorig_LeftForeArm,8,0.673538327217102,-0.7158907651901245,-0.18397407233715057,0,0.6962015628814697,0.6980441212654114,-0.1674434393644333,0,0.2482936978340149,-0.015303506515920162,0.9685637950897217,0,0,6.496163845062256,0,1
B10,mixamorig_LeftHand,9,-0.9159625172615051,-0.33719930052757263,0.21750591695308685,0,-0.22015294432640076,0.8754932284355164,0.43016764521598816,0,-0.3354770541191101,0.34613317251205444,-0.876154899597168,0,0,6.702845096588135,0,1
B11,mixamorig_LeftHandThumb1,10,0.8559364676475525,0.5169548988342285,-0.011438717134296894,0,-0.4073730707168579,0.6877937316894531,0.6008215546607971,0,0.3184651732444763,-0.5096050500869751,0.7993010878562927,0,-0.9194269776344299,1.3814510107040405,0.7443839907646179,1
B12,mixamorig_LeftHandThumb2,11,0.9919825792312622,0.1263335794210434,0.003355211578309536,0,-0.12626776099205017,0.9918763637542725,-0.015441397204995155,0,-0.005278722383081913,0.014894293621182442,0.9998748302459717,0,-0.14620299637317657,1.447638988494873,0,1
B13,mixamorig_LeftHandThumb3,12,0.9989330172538757,0.046094998717308044,0.002807999961078167,0,-0.046094998717308044,0.9989370107650757,-0.00020300000323913991,0,-0.002814000006765127,0.00007317935524042696,0.9999960064888,0,0.04186899960041046,1.5989749431610107,0,1
B14,mixamorig_LeftHandThumb4,13,1,0,0,0,0,1,0,0,0,0,1,0,0.10433399677276611,1.4399030208587646,0,1
B15,mixamorig_LeftHandIndex1,10,0.8916690945625305,0.45246919989585876,-0.014039892703294754,0,-0.4487207233905792,0.8875285387039185,0.10461165755987167,0,0.05979394167661667,-0.0869784951210022,0.994414210319519,0,-1.182412028312683,3.336529016494751,0.10057000070810318,1
B16,mixamorig_LeftHandIndex2,15,0.9981938004493713,-0.06003694608807564,-0.0021418852265924215,0,0.05821574479341507,0.9578827023506165,0.28119608759880066,0,-0.014830011874437332,-0.2808130085468292,0.9596476554870605,0,0.016457999125123024,1.4104169607162476,0,1
B17,mixamorig_LeftHandIndex3,16,0.9998109936714172,0.019450999796390533,-0.0003169999981764704,0,-0.019450999796390533,0.9998109936714172,9.999999974752427e-7,0,0.0003169999981764704,0.000004999999873689376,1,0,-0.020434999838471413,1.2842220067977905,0,1
B18,mixamorig_LeftHandIndex4,17,1,0,0,0,0,1,0,0,0,0,1,0,0.003976999782025814,1.1209369897842407,0,1
B19,mixamorig_LeftHandRing1,10,0.9971262216567993,0.01660146191716194,0.07391757518053055,0,-0.05262455344200134,0.8536624312400818,0.5181616544723511,0,-0.05449880659580231,-0.5205618739128113,0.8520829677581787,0,0.5912060141563416,3.4524130821228027,-0.022556999698281288,1
B20,mixamorig_LeftHandRing2,19,0.9829580783843994,-0.1724422574043274,-0.06369400024414062,0,0.17989598214626312,0.8310471177101135,0.5263060331344604,0,-0.037824489176273346,-0.5287952423095703,0.847906231880188,0,0.03210499882698059,1.1421669721603394,0,1
B21,mixamorig_LeftHandRing3,20,0.972773015499115,0.231760174036026,0.00010099999781232327,0,-0.231760174036026,0.972773015499115,-0.000011000000085914508,0,-0.00010099999781232327,-0.000012000000424450263,1,0,-0.1326189935207367,1.1205929517745972,0,1
B22,mixamorig_LeftHandRing4,21,1,0,0,0,0,1,0,0,0,0,1,0,0.1005140021443367,0.8616499900817871,0,1
B23,mixamorig_RightShoulder,3,-0.11134474724531174,-0.026987189427018166,-0.9934155344963074,0,0.8905189037322998,-0.4464169144630432,-0.08768409490585327,0,-0.4411105215549469,-0.8944180011749268,0.07373882830142975,0,2.1875059604644775,3.060023069381714,0.10182599723339081,1
B24,mixamorig_RightArm,23,-0.8586419224739075,-0.5072171092033386,0.0739227756857872,0,-0.25029125809669495,0.5407485961914062,0.8030847311019897,0,-0.4473118484020233,0.6710599660873413,-0.5912614464759827,0,0,4.661481857299805,0,1
B25,mixamorig_RightForeArm,24,0.7575618028640747,0.652265727519989,-0.02547805942595005,0,-0.6420207619667053,0.7374750375747681,-0.20962031185626984,0,-0.11793883144855499,0.17515720427036285,0.9774507880210876,0,0,6.499610900878906,0,1
B26,mixamorig_RightHand,25,-0.949161946773529,0.13739517331123352,-0.28322139382362366,0,0.18238283693790436,0.9733477830886841,-0.13903459906578064,0,0.2565701901912689,-0.18362104892730713,-0.9489230513572693,0,0,6.694718837738037,0,1
B27,mixamorig_RightHandThumb1,26,0.7925407290458679,-0.5580469369888306,-0.24589329957962036,0,0.603813648223877,0.6616621613502502,0.4445362091064453,0,-0.08537395298480988,-0.5007864832878113,0.8613502383232117,0,0.97639399766922,1.4239859580993652,0.802711009979248,1
B28,mixamorig_RightHandThumb2,27,0.9778515100479126,0.19718022644519806,-0.07018958777189255,0,-0.2033994048833847,0.9743242263793945,-0.09654772281646729,0,0.049350202083587646,0.10868626087903976,0.9928503632545471,0,0.1466660052537918,1.5161670446395874,0,1
B29,mixamorig_RightHandThumb3,28,0.9999759793281555,0.006845999974757433,-0.0004970000009052455,0,-0.006845999974757433,0.9999769926071167,-0.000024000000848900527,0,0.0004970000009052455,0.00002700000004551839,1,0,-0.08241499960422516,1.5215070247650146,0,1
B30,mixamorig_RightHandThumb4,29,1,0,0,0,0,1,0,0,0,0,1,0,-0.06425099819898605,1.359591007232666,0,1
B31,mixamorig_RightHandIndex1,26,0.9505993127822876,-0.31012171506881714,-0.013621070422232151,0,0.30972862243652344,0.9446379542350769,0.10828958451747894,0,-0.020716261118650436,-0.10715873539447784,0.9940264821052551,0,1.1470659971237183,3.328169107437134,0.10804499685764313,1
B32,mixamorig_RightHandIndex2,31,0.9977757930755615,0.06658048182725906,0.0033457987010478973,0,-0.06470612436532974,0.9551581144332886,0.2889386713504791,0,0.01604148931801319,-0.2885126769542694,0.9573419690132141,0,-0.0119439996778965,1.364372968673706,0,1
B33,mixamorig_RightHandIndex3,32,0.9997900128364563,-0.020510999485850334,0.00021800000104121864,0,0.020510999485850334,0.9997900128364563,0.0000019999999949504854,0,-0.00021800000104121864,0.000003000000106112566,1,0,0.018693000078201294,1.2893359661102295,0,1
B34,mixamorig_RightHandIndex4,33,1,0,0,0,0,1,0,0,0,0,1,0,-0.006748000159859657,1.114804983139038,0,1
B35,mixamorig_RightHandRing1,26,0.9837747812271118,-0.16548676788806915,-0.06928713619709015,0,0.17940567433834076,0.9073781967163086,0.3801027834415436,0,-0.00003260378070990555,-0.3863665759563446,0.9223456978797913,0,-0.5735329985618591,3.4338929653167725,-0.03178099915385246,1
B36,mixamorig_RightHandRing2,35,0.9820846915245056,0.1717330515384674,0.07757203280925751,0,-0.18336886167526245,0.7760688066482544,0.6034016013145447,0,0.04342285916209221,-0.6068149209022522,0.7936553955078125,0,-0.04908499866724014,1.220600962638855,0,1
B37,mixamorig_RightHandRing3,36,0.9828410148620605,-0.1844410002231598,-0.002320999978110194,0,0.1844410002231598,0.9828439950942993,-0.00018600000475998968,0,0.002314999932423234,-0.00024500000290572643,0.9999970197677612,0,0.1200380027294159,1.1328710317611694,0,1
B38,mixamorig_RightHandRing4,37,1,0,0,0,0,1,0,0,0,0,1,0,-0.07095199823379517,0.8858540058135986,0,1
B39,mixamorig_LeftUpLeg,0,-0.9629199504852295,0.1959284543991089,0.185466468334198,0,0.2515510618686676,0.4035647511482239,0.879692018032074,0,0.0975089818239212,0.8937271237373352,-0.43788692355155945,0,2.3376400470733643,-0.4236850142478943,1.4546229839324951,1
B40,mixamorig_LeftLeg,39,0.96768718957901,-0.1597699671983719,-0.19507695734500885,0,0.007521961349993944,0.7915892601013184,-0.611007034778595,0,0.2520415484905243,0.589796245098114,0.7672128677368164,0,0,8.004207611083984,0,1
B41,mixamorig_LeftFoot,40,0.9881464242935181,-0.04819516837596893,0.14575156569480896,0,-0.1212850883603096,0.3369319438934326,0.9336848258972168,0,-0.09410753846168518,-0.9402945041656494,0.32709261775016785,0,0,7.24100923538208,0,1
B42,mixamorig_LeftToeBase,41,0.9973528385162354,-0.044336672872304916,0.05763286352157593,0,0.007542010396718979,0.8513981103897095,0.524465024471283,0,-0.0723215863108635,-0.5226426124572754,0.8494791984558105,0,0,5.163156986236572,0,1
B43,mixamorig_LeftToe_End,42,1,0,0,0,0,1,0,0,0,0,1,0,0,1.9373470544815063,0,1
B44,mixamorig_RightUpLeg,0,-0.9315091967582703,-0.23819665610790253,-0.2748698890209198,0,-0.27356040477752686,-0.03921698406338692,0.9610546231269836,0,-0.23969914019107819,0.9704249501228333,-0.02863089181482792,0,-2.3376400470733643,-0.45892998576164246,1.4546229839324951,1
B45,mixamorig_RightLeg,44,0.9883842468261719,-0.055056050419807434,-0.14165067672729492,0,-0.039033081382513046,0.8088393807411194,-0.5867323875427246,0,0.14687572419643402,0.5854458808898926,0.7972956895828247,0,0,8.002276420593262,0,1
B46,mixamorig_RightFoot,45,0.9613076448440552,0.2549830675125122,-0.10426773130893707,0,0.09309177845716476,0.05554749444127083,0.9941071271896362,0,0.2592725157737732,-0.9653486013412476,0.0296612661331892,0,0,7.2382659912109375,0,1
B47,mixamorig_RightToeBase,46,0.9943469762802124,-0.0006810426712036133,-0.10617800056934357,0,0.05501391366124153,0.8585935235023499,0.5096966624259949,0,0.09081701934337616,-0.5126566886901855,0.8537772297859192,0,0,5.134068012237549,0,1
B48,mixamorig_RightToe_End,47,1,0,0,0,0,1,0,0,0,0,1,0,0,1.9096499681472778,0,1
@40,0,1,2,3,4,5,7,8,9,10,11,12,13,15,16,17,19,20,21,23,24,25,26,27,28,29,31,32,33,35,36,37,39,40,41,42,44,45,46,47
K0.000,0.7298409938812256,0.003459000028669834,0.6836079955101013,0,-0.6817479729652405,0.077565997838974,0.7274630069732666,0,-0.05050799995660782,-0.9969810247421265,0.05896899849176407,0,-0.21484099328517914,17.708858489990234,0.08924999833106995,1,-0.996550977230072,0.08172299712896347,-0.014418000355362892,0,0.013767000287771225,-0.0085230004042387,-0.9998689889907837,0,-0.08183600008487701,-0.9966189861297607,0.007368999999016523,0,0,-0.28628700971603394,-2.6175179481506348,1,0.9861840009689331,0.002486000070348382,-0.16563500463962555,0,-0.03571699932217598,0.9795600175857544,-0.19795699417591095,0,0.16175700724124908,0.20113800466060638,0.9661149978637695,0,0,3.071984052658081,0,1,0.9861840009689331,0.002486000070348382,-0.16563500463962555,0,-0.03571699932217598,0.9795600175857544,-0.19795699417591095,0,0.16175700724124908,0.20113800466060638,0.9661149978637695,0,0,3.5108389854431152,0,1,-0.9997439980506897,0.002767000114545226,-0.022451000288128853,0,0.022345000877976418,-0.03382200002670288,-0.9991779923439026,0,-0.003524000057950616,-0.9994239807128906,0.033750999718904495,0,0,3.9496920108795166,0,1,0.9370599985122681,-0.3462870121002197,0.04476400092244148,0,0.34911298751831055,0.9314630031585693,-0.1024560034275055,0,-0.00621700007468462,0.11163599789142609,0.9937300086021423,0,0,0.6371380090713501,-1.268744945526123,1,0.03282599896192551,0.025380000472068787,0.9991390109062195,0,-0.9162859916687012,-0.3984990119934082,0.040226999670267105,0,0.3991760015487671,-0.9168180227279663,0.010173999704420567,0,-2.1875059604644775,3.0590460300445557,0.09289299696683884,1,-0.976859986782074,0.08295600116252899,-0.1971379965543747,0,-0.12585100531578064,0.5223190188407898,0.8434119820594788,0,0.17293499410152435,0.8487060070037842,-0.4997920095920563,0,0,4.661481857299805,0,1,0.673550009727478,-0.7158799767494202,-0.18397299945354462,0,0.6961770057678223,0.6980559825897217,-0.167495995759964,0,0.2483309954404831,-0.015261000022292137,0.9685549736022949,0,0,6.496163845062256,0,1,-0.9159619808197021,-0.33720898628234863,0.2174929976463318,0,-0.2201489955186844,0.8754709959030151,0.4302150011062622,0,-0.3354809880256653,0.3461799919605255,-0.876134991645813,0,0,6.702845096588135,0,1,0.8559370040893555,0.5169540047645569,-0.01143800001591444,0,-0.40737199783325195,0.6877930164337158,0.6008229851722717,0,0.318464994430542,-0.5096070170402527,0.7993000149726868,0,-0.9194269776344299,1.3814510107040405,0.7443839907646179,1,0.9919840097427368,0.12632299959659576,0.003364000003784895,0,-0.1262570023536682,0.9918779730796814,-0.015424000099301338,0,-0.005284999962896109,0.01487599965184927,0.999875009059906,0,-0.14620299637317657,1.447638988494873,0,1,0.9989330172538757,0.046094998717308044,0.002807999961078167,0,-0.046094998717308044,0.9989370107650757,-0.00020300000323913991,0,-0.002814000006765127,0.00007300000288523734,0.9999960064888,0,0.04186899960041046,1.5989749431610107,0,1,0.8916820287704468,0.45244500041007996,-0.013999000191688538,0,-0.44870099425315857,0.8875399827957153,0.10459999740123749,0,0.05974999815225601,-0.08698800206184387,0.9944159984588623,0,-1.182412028312683,3.336529016494751,0.10057000070810318,1,0.9981939792633057,-0.06003300100564957,-0.00215999991632998,0,0.05821700021624565,0.9578850269317627,0.2811880111694336,0,-0.014810999855399132,-0.2808060050010681,0.9596499800682068,0,0.016457999125123024,1.4104169607162476,0,1,0.9998109936714172,0.019450999796390533,-0.0003169999981764704,0,-0.019450999796390533,0.9998109936714172,0,0,0.0003169999981764704,0.000004999999873689376,1,0,-0.020434999838471413,1.2842220067977905,0,1,0.9971280097961426,0.01660200022161007,0.0738930031657219,0,-0.052611999213695526,0.8536660075187683,0.5181570053100586,0,-0.0544780008494854,-0.5205559730529785,0.8520879745483398,0,0.5912060141563416,3.4524130821228027,-0.022556999698281288,1,0.9829570055007935,-0.17244799435138702,-0.06369400024414062,0,0.17990100383758545,0.8310480117797852,0.5263029932975769,0,-0.03782700002193451,-0.5287920236587524,0.8479080200195312,0,0.03210499882698059,1.1421669721603394,0,1,0.972773015499115,0.23175999522209167,0.00010099999781232327,0,-0.23175999522209167,0.972773015499115,-0.000011000000085914508,0,-0.00010099999781232327,-0.000012000000424450263,1,0,-0.1326189935207367,1.1205929517745972,0,1,-0.11134599894285202,-0.027000999078154564,-0.9934149980545044,0,0.890513002872467,-0.4464299976825714,-0.08767800033092499,0,-0.44112199544906616,-0.894411027431488,0.0737529993057251,0,2.1875059604644775,3.060023069381714,0.10182599723339081,1,-0.8586410284042358,-0.5072180032730103,0.07392600178718567,0,-0.25029000639915466,0.5407500267028809,0.8030840158462524,0,-0.44731399416923523,0.6710579991340637,-0.5912619829177856,0,0,4.661481857299805,0,1,0.757561981678009,0.6522650122642517,-0.025489000603556633,0,-0.6420239806175232,0.7374770045280457,-0.20960399508476257,0,-0.11791999638080597,0.1751520037651062,0.9774540066719055,0,0,6.499610900878906,0,1,-0.9491599798202515,0.13742099702358246,-0.2832159996032715,0,0.18240399658679962,0.9733459949493408,-0.13901899755001068,0,0.2565630078315735,-0.18361100554466248,-0.9489269852638245,0,0,6.694718837738037,0,1,0.7925469875335693,-0.5580430030822754,-0.24588200449943542,0,0.6038039922714233,0.6616650223731995,0.4445450007915497,0,-0.08538399636745453,-0.5007870197296143,0.8613489866256714,0,0.97639399766922,1.4239859580993652,0.802711009979248,1,0.9778509736061096,0.1971839964389801,-0.07018599659204483,0,-0.20340299606323242,0.9743229746818542,-0.09655400365591049,0,0.049345001578330994,0.1086919978260994,0.9928500056266785,0,0.1466660052537918,1.5161670446395874,0,1,0.9999759793281555,0.006845999974757433,-0.0004970000009052455,0,-0.006845999974757433,0.9999769926071167,-0.000024000000848900527,0,0.0004970000009052455,0.00002700000004551839,1,0,-0.08241499960422516,1.5215070247650146,0,1,0.9506019949913025,-0.3101139962673187,-0.013612999580800533,0,0.3097200095653534,0.9446409940719604,0.10828600078821182,0,-0.020721999928355217,-0.10715299844741821,0.9940270185470581,0,1.1470659971237183,3.328169107437134,0.10804499685764313,1,0.9977740049362183,0.06660900264978409,0.003350999904796481,0,-0.06473500281572342,0.9551590085029602,0.2889289855957031,0,0.016044000163674355,-0.2885029911994934,0.9573450088500977,0,-0.0119439996778965,1.364372968673706,0,1,0.9997900128364563,-0.020510999485850334,0.00021800000104121864,0,0.020510999485850334,0.9997900128364563,0.0000019999999949504854,0,-0.00021800000104121864,0.000003000000106112566,1,0,0.018693000078201294,1.2893359661102295,0,1,0.9837729930877686,-0.16549000144004822,-0.06930399686098099,0,0.1794150024652481,0.9073799848556519,0.3800939917564392,0,-0.00001700000029813964,-0.3863610029220581,0.9223480224609375,0,-0.5735329985618591,3.4338929653167725,-0.03178099915385246,1,0.9820870161056519,0.17172999680042267,0.07754799723625183,0,-0.18335199356079102,0.7760739922523499,0.6033999919891357,0,0.043439000844955444,-0.6068090200424194,0.793658971786499,0,-0.04908499866724014,1.220600962638855,0,1,0.9828410148620605,-0.1844410002231598,-0.002320999978110194,0,0.1844410002231598,0.9828439950942993,-0.00018600000475998968,0,0.002314999932423234,-0.00024500000290572643,0.9999970197677612,0,0.1200380027294159,1.1328710317611694,0,1,-0.9629160165786743,0.19594800472259521,0.18546700477600098,0,0.2515619993209839,0.4035800099372864,0.8796820044517517,0,0.09752099961042404,0.8937159776687622,-0.43790701031684875,0,2.3376400470733643,-0.4236850142478943,1.4546229839324951,1,0.9676889777183533,-0.15978699922561646,-0.19505399465560913,0,0.007538999896496534,0.791562020778656,-0.6110420227050781,0,0.2520340085029602,0.5898280143737793,0.7671909928321838,0,0,8.004207611083984,0,1,0.9881399869918823,-0.04818100109696388,0.14579999446868896,0,-0.12133800238370895,0.3369069993495941,0.9336869716644287,0,-0.0941070020198822,-0.9403039813041687,0.32706499099731445,0,0,7.24100923538208,0,1,0.9973530173301697,-0.044346000999212265,0.0576229989528656,0,0.007555999793112278,0.8514040112495422,0.5244550108909607,0,-0.07231800258159637,-0.5226320028305054,0.8494859933853149,0,0,5.163156986236572,0,1,-0.9315059781074524,-0.2382110059261322,-0.27486899495124817,0,-0.27355700731277466,-0.039229001849889755,0.9610549807548523,0,-0.23971599340438843,0.9704210162162781,-0.028622999787330627,0,-2.3376400470733643,-0.45892998576164246,1.4546229839324951,1,0.9883829951286316,-0.055052999407052994,-0.14166000485420227,0,-0.0390390008687973,0.8088480234146118,-0.5867199897766113,0,0.14688199758529663,0.5854340195655823,0.7973030209541321,0,0,8.002276420593262,0,1,0.9613080024719238,0.2549870014190674,-0.10425499826669693,0,0.09307599812746048,0.0555570013821125,0.9941080212593079,0,0.25927698612213135,-0.9653469920158386,0.029673999175429344,0,0,7.2382659912109375,0,1,0.9943469762802124,-0.0007040000054985285,-0.10617800056934357,0,0.05503400042653084,0.8585910201072693,0.5096989870071411,0,0.09080500155687332,-0.5126609802246094,0.8537759780883789,0,0,5.134068012237549,0,1
K0.033,0.729665994644165,0.0034580000210553408,0.6837949752807617,0,-0.6819260120391846,0.0777520015835762,0.7272769808769226,0,-0.05065099895000458,-0.9969670176506042,0.059091001749038696,0,-0.2136009782552719,17.709897994995117,0.08799799531698227,1,-0.996550977230072,0.08172400295734406,-0.014414000324904919,0,0.013760999776422977,-0.008549000136554241,-0.9998689889907837,0,-0.081836998462677,-0.9966179728507996,0.007395000662654638,0,0,-0.28628700971603394,-2.6175179481506348,1,0.9861840009689331,0.0024800000246614218,-0.16563400626182556,0,-0.03570200130343437,0.9795699715614319,-0.1979070007801056,0,0.16175900399684906,0.20108599960803986,0.9661250114440918,0,0,3.071984052658081,0,1,0.9861840009689331,0.0024800000246614218,-0.16563400626182556,0,-0.03570200130343437,0.9795699715614319,-0.1979070007801056,0,0.16175900399684906,0.20108599960803986,0.9661250114440918,0,0,3.5108389854431152,0,1,-0.9997439980506897,0.0027569991070777178,-0.022450000047683716,0,0.022343000397086143,-0.03414400294423103,-0.9991670250892639,0,-0.003520999103784561,-0.999413013458252,0.03407300263643265,0,0,3.9496920108795166,0,1,0.9371389746665955,-0.34609100222587585,0.04462699592113495,0,0.34890100359916687,0.9315720200538635,-0.10218299180269241,0,-0.006208999082446098,0.11133099347352982,0.9937639832496643,0,0,0.6371380090713501,-1.268744945526123,1,0.032600000500679016,0.025421999394893646,0.999144971370697,0,-0.91628098487854,-0.3985289931297302,0.040036000311374664,0,0.3992060124874115,-0.9168030023574829,0.010301001369953156,0,-2.1875059604644775,3.0590460300445557,0.09289299696683884,1,-0.9768739938735962,0.08282499760389328,-0.19712400436401367,0,-0.12587499618530273,0.522471010684967,0.843313992023468,0,0.17283999919891357,0.8486250042915344,-0.4999629855155945,0,0,4.661481857299805,0,1,0.6734520196914673,-0.7159759998321533,-0.18396000564098358,0,0.6962649822235107,0.6979590058326721,-0.16753700375556946,0,0.24834899604320526,-0.015255999751389027,0.9685500264167786,0,0,6.496163845062256,0,1,-0.9159979820251465,-0.33719098567962646,0.21737200021743774,0,-0.22023999691009521,0.8755279779434204,0.4300520122051239,0,-0.3353250026702881,0.34605300426483154,-0.8762450218200684,0,0,6.702845096588135,0,1,0.8563920259475708,0.5161769986152649,-0.012382008135318756,0,-0.4061009883880615,0.6881870031356812,0.6012319922447205,0,0.31886300444602966,-0.5098620057106018,0.7989789843559265,0,-0.9194269776344299,1.3814510107040405,0.7443839907646179,1,0.9919840097427368,0.12632299959659576,0.003364000003784895,0,-0.1262570023536682,0.9918779730796814,-0.015424000099301338,0,-0.005284999962896109,0.01487599965184927,0.999875009059906,0,-0.14620299637317657,1.447638988494873,0,1,0.9989330172538757,0.046094998717308044,0.002807999961078167,0,-0.046094998717308044,0.9989370107650757,-0.00020300000323913991,0,-0.002814000006765127,0.00007300000288523734,0.9999960064888,0,0.04186899960041046,1.5989749431610107,0,1,0.8917149901390076,0.45238199830055237,-0.01398099958896637,0,-0.4485909938812256,0.887499988079071,0.10540300607681274,0,0.06009100377559662,-0.08771800994873047,0.9943310022354126,0,-1.182412028312683,3.336529016494751,0.10057000070810318,1,0.9981939792633057,-0.060033999383449554,-0.00215999991632998,0,0.05821799859404564,0.9578830003738403,0.2811950147151947,0,-0.014812000095844269,-0.2808130085468292,0.9596480131149292,0,0.016457999125123024,1.4104169607162476,0,1,0.9998109936714172,0.01945200003683567,-0.0003169999981764704,0,-0.01945200003683567,0.9998109936714172,0,0,0.0003169999981764704,0.000004999999873689376,1,0,-0.020434999838471413,1.2842220067977905,0,1,0.9971250295639038,0.016697002574801445,0.07390599697828293,0,-0.05270899832248688,0.8535749912261963,0.518297016620636,0,-0.0544309988617897,-0.5207020044326782,0.8520010113716125,0,0.5912060141563416,3.4524130821228027,-0.022556999698281288,1,0.9829559922218323,-0.172448992729187,-0.06371500343084335,0,0.17990800738334656,0.8309710025787354,0.5264220237731934,0,-0.03783600032329559,-0.5289130210876465,0.847832977771759,0,0.03210499882698059,1.1421669721603394,0,1,0.972773015499115,0.23176099359989166,0.00010099999781232327,0,-0.23176099359989166,0.972773015499115,-0.000011000000085914508,0,-0.00010099999053636566,-0.000012000000424450263,1,0,-0.1326189935207367,1.1205929517745972,0,1,-0.1111999973654747,-0.027000000700354576,-0.9934309720993042,0,0.8906940221786499,-0.4460879862308502,-0.0875760018825531,0,-0.4407930076122284,-0.8945819735527039,0.07365299761295319,0,2.1875059604644775,3.060023069381714,0.10182599723339081,1,-0.8587960004806519,-0.506971001625061,0.07382100075483322,0,-0.2501699924468994,0.5407270193099976,0.8031370043754578,0,-0.4470849931240082,0.6712629795074463,-0.591202974319458,0,0,4.661481857299805,0,1,0.757532000541687,0.6523119807243347,-0.025199996307492256,0,-0.6419739723205566,0.7374160289764404,-0.20996999740600586,0,-0.1183830052614212,0.1752369999885559,0.977383017539978,0,0,6.499610900878906,0,1,-0.9492260217666626,0.1375720053911209,-0.2829200029373169,0,0.18241900205612183,0.9733859896659851,-0.13871699571609497,0,0.2563070058822632,-0.1832839995622635,-0.9490600228309631,0,0,6.694718837738037,0,1,0.792838990688324,-0.5572490096092224,-0.246738001704216,0,0.6036649942398071,0.6625289916992188,0.44344499707221985,0,-0.08363798260688782,-0.5005279779434204,0.861670970916748,0,0.97639399766922,1.4239859580993652,0.802711009979248,1,0.9778299927711487,0.19740700721740723,-0.06984899938106537,0,-0.20354899764060974,0.9743710160255432,-0.09575299173593521,0,0.049157001078128815,0.10784799605607986,0.992950975894928,0,0.1466660052537918,1.5161670446395874,0,1,0.9999759793281555,0.006845999974757433,-0.0004970000009052455,0,-0.006845999974757433,0.9999769926071167,-0.000023000011424301192,0,0.0004970000009052455,0.00002700000004551839,1,0,-0.08241499960422516,1.5215070247650146,0,1,0.9505239725112915,-0.31035301089286804,-0.01360000018030405,0,0.30997100472450256,0.9446420073509216,0.1075579896569252,0,-0.02053399756550789,-0.10645299404859543,0.9941059947013855,0,1.1470659971237183,3.328169107437134,0.10804499685764313,1,0.9977759718894958,0.0665690004825592,0.003341000061482191,0,-0.06469900161027908,0.9552630186080933,0.28859299421310425,0,0.016019999980926514,-0.2881680130958557,0.9574459791183472,0,-0.0119439996778965,1.364372968673706,0,1,0.9997900128364563,-0.02051199972629547,0.00021800000104121864,0,0.02051199972629547,0.9997900128364563,0.0000019999999949504854,0,-0.00021800000104121864,0.000003000000106112566,1,0,0.018693000078201294,1.2893359661102295,0,1,0.9837909936904907,-0.16539299488067627,-0.06929100304841995,0,0.17932100594043732,0.9073989987373352,0.3800939917564392,0,0.000009000280442705844,-0.38635799288749695,0.9223489761352539,0,-0.5735329985618591,3.4338929653167725,-0.03178099915385246,1,0.982092022895813,0.17173199355602264,0.07748100161552429,0,-0.18333399295806885,0.7763779759407043,0.6030139923095703,0,0.04340200126171112,-0.6064199805259705,0.7939590215682983,0,-0.04908499866724014,1.220600962638855,0,1,0.9828410148620605,-0.1844400018453598,-0.002320999978110194,0,0.1844400018453598,0.9828439950942993,-0.00018600000475998968,0,0.002314999932423234,-0.00024500000290572643,0.9999970197677612,0,0.1200380027294159,1.1328710317611694,0,1,-0.9629070162773132,0.19594700634479523,0.18551500141620636,0,0.25156301259994507,0.40319401025772095,0.8798580169677734,0,0.09760700166225433,0.8938900232315063,-0.4375309944152832,0,2.3376400470733643,-0.4236850142478943,1.4546229839324951,1,0.9677190184593201,-0.15957200527191162,-0.1950789988040924,0,0.007482999470084906,0.7918819785118103,-0.6106280088424683,0,0.2519190013408661,0.5894569754600525,0.7675139904022217,0,0,8.004207611083984,0,1,0.9881410002708435,-0.048252999782562256,0.1457729935646057,0,-0.12125899642705917,0.33719998598098755,0.9335910081863403,0,-0.09420300275087357,-0.9401959776878357,0.327349990606308,0,0,7.24100923538208,0,1,0.9973620176315308,-0.0442890003323555,0.057506997138261795,0,0.00757700065150857,0.851468026638031,0.5243520140647888,0,-0.07218799740076065,-0.5225340127944946,0.8495569825172424,0,0,5.163156986236572,0,1,-0.9314879775047302,-0.23819400370121002,-0.2749429941177368,0,-0.2736150026321411,-0.039301998913288116,0.9610360264778137,0,-0.23971900343894958,0.9704220294952393,-0.028564000502228737,0,-2.3376400470733643,-0.45892998576164246,1.4546229839324951,1,0.9884129762649536,-0.05487100034952164,-0.141526997089386,0,-0.03907899931073189,0.8089590072631836,-0.5865640044212341,0,0.1466750055551529,0.5852980017662048,0.7974410057067871,0,0,8.002276420593262,0,1,0.9613620042800903,0.2547760009765625,-0.10426899790763855,0,0.09304100275039673,0.055765002965927124,0.9940990209579468,0,0.2590869963169098,-0.9653909802436829,0.029906000941991806,0,0,7.2382659912109375,0,1,0.9943469762802124,-0.0007029999978840351,-0.10617800056934357,0,0.05503400042653084,0.8585910201072693,0.5096989870071411,0,0.09080500155687332,-0.5126609802246094,0.8537759780883789,0,0,5.134068012237549,0,1
K0.067,0.7295070290565491,0.0034580000210553408,0.6839640140533447,0,-0.6820849776268005,0.07793000340461731,0.7271090149879456,0,-0.050787001848220825,-0.996953010559082,0.05920900031924248,0,-0.21231602132320404,17.7109432220459,0.08690200746059418,1,-0.996550977230072,0.08172500133514404,-0.014407999813556671,0,0.013751000165939331,-0.008585999719798565,-0.9998689889907837,0,-0.08183799684047699,-0.9966179728507996,0.007432999555021524,0,0,-0.28628700971603394,-2.6175179481506348,1,0.9861840009689331,0.002469999948516488,-0.16563299298286438,0,-0.035679999738931656,0.9795860052108765,-0.19783499836921692,0,0.161762997508049,0.2010120004415512,0.9661399722099304,0,0,3.071984052658081,0,1,0.9861840009689331,0.002469999948516488,-0.16563299298286438,0,-0.03568100184202194,0.9795860052108765,-0.19783499836921692,0,0.161762997508049,0.2010120004415512,0.9661399722099304,0,0,3.5108389854431152,0,1,-0.9997450113296509,0.0026610009372234344,-0.022439999505877495,0,0.022335000336170197,-0.03456399589776993,-0.9991530179977417,0,-0.003434001002460718,-0.9993990063667297,0.034495994448661804,0,0,3.9496920108795166,0,1,0.9372259974479675,-0.3458870053291321,0.04437900334596634,0,0.34866800904273987,0.9317010045051575,-0.1018030047416687,0,-0.0061360010877251625,0.11088600754737854,0.9938139915466309,0,0,0.6371380090713501,-1.268744945526123,1,0.03243299946188927,0.025460999459028244,0.9991499781608582,0,-0.9163259863853455,-0.39844098687171936,0.03989800065755844,0,0.39911800622940063,-0.9168400168418884,0.010407999157905579,0,-2.1875059604644775,3.0590460300445557,0.09289299696683884,1,-0.9768909811973572,0.08268900215625763,-0.19709600508213043,0,-0.1259080022573471,0.5225319862365723,0.8432719707489014,0,0.17271900177001953,0.8485999703407288,-0.5000460147857666,0,0,4.661481857299805,0,1,0.6733610033988953,-0.7160770297050476,-0.18389999866485596,0,0.6963679790496826,0.6978549957275391,-0.16753999888896942,0,0.248307004570961,-0.015247000381350517,0.9685609936714172,0,0,6.496163845062256,0,1,-0.9160140156745911,-0.33720698952674866,0.21727600693702698,0,-0.22039400041103363,0.8756219744682312,0.4297820031642914,0,-0.3351770043373108,0.3458000123500824,-0.8764010071754456,0,0,6.702845096588135,0,1,0.8568050265312195,0.5154719948768616,-0.013188991695642471,0,-0.40498799085617065,0.6885539889335632,0.6015620231628418,0,0.3191699981689453,-0.5100799798965454,0.7987170219421387,0,-0.9194269776344299,1.3814510107040405,0.7443839907646179,1,0.9919859766960144,0.12630200386047363,0.0033710000570863485,0,-0.12623700499534607,0.9918810129165649,-0.015406000427901745,0,-0.005289999768137932,0.01485699974000454,0.9998760223388672,0,-0.14620299637317657,1.447638988494873,0,1,0.9989330172538757,0.046094998717308044,0.002807999961078167,0,-0.046094998717308044,0.9989370107650757,-0.00020300000323913991,0,-0.002814000006765127,0.00007300000288523734,0.9999960064888,0,0.04186899960041046,1.5989749431610107,0,1,0.8917400240898132,0.4523319900035858,-0.013965999707579613,0,-0.44849899411201477,0.8874610066413879,0.10612199455499649,0,0.06039699539542198,-0.0883689895272255,0.994255006313324,0,-1.182412028312683,3.336529016494751,0.10057000070810318,1,0.9981930255889893,-0.060044001787900925,-0.00216299993917346,0,0.05822699889540672,0.9578440189361572,0.2813270092010498,0,-0.014820000156760216,-0.28094398975372314,0.9596099853515625,0,0.016457999125123024,1.4104169607162476,0,1,0.9998109936714172,0.01945200003683567,-0.0003169999981764704,0,-0.01945200003683567,0.9998109936714172,0,0,0.0003169999981764704,0.000004999999873689376,1,0,-0.020434999838471413,1.2842220067977905,0,1,0.9971230030059814,0.016797998920083046,0.07391899824142456,0,-0.05281899869441986,0.8534070253372192,0.5185620188713074,0,-0.05437299981713295,-0.5209739804267883,0.851839005947113,0,0.5912060141563416,3.4524130821228027,-0.022556999698281288,1,0.9829540252685547,-0.17245100438594818,-0.06373599916696548,0,0.17991499602794647,0.830892026424408,0.526544988155365,0,-0.03784500062465668,-0.5290359854698181,0.8477550148963928,0,0.03210499882698059,1.1421669721603394,0,1,0.972773015499115,0.23176099359989166,0.00010099999781232327,0,-0.23176099359989166,0.972773015499115,-0.000011000000085914508,0,-0.00010000000474974513,-0.000012000000424450263,1,0,-0.1326189935207367,1.1205929517745972,0,1,-0.11101099848747253,-0.027000000700354576,-0.9934520125389099,0,0.8909369707107544,-0.44562798738479614,-0.0874439999461174,0,-0.4403490126132965,-0.8948109745979309,0.07352499663829803,0,2.1875059604644775,3.060023069381714,0.10182599723339081,1,-0.8589890003204346,-0.5066670179367065,0.07366099953651428,0,-0.25001001358032227,0.5406389832496643,0.803246021270752,0,-0.4468019902706146,0.671563982963562,-0.5910750031471252,0,0,4.661481857299805,0,1,0.757532000541687,0.6523259878158569,-0.024803003296256065,0,-0.641855001449585,0.7373690009117126,-0.2104959934949875,0,-0.11902299523353577,0.1753779947757721,0.9772800207138062,0,0,6.499610900878906,0,1,-0.9493250250816345,0.13780899345874786,-0.28247299790382385,0,0.18245700001716614,0.9734410047531128,-0.13828599452972412,0,0.25591298937797546,-0.1828169971704483,-0.9492560029029846,0,0,6.694718837738037,0,1,0.7930870056152344,-0.5565940141677856,-0.24741999804973602,0,0.6035299897193909,0.6632199883460999,0.4425950050354004,0,-0.08225201815366745,-0.5003420114517212,0.8619120121002197,0,0.97639399766922,1.4239859580993652,0.802711009979248,1,0.97775799036026,0.19780699908733368,-0.06972599774599075,0,-0.2039009928703308,0.9743630290031433,-0.09508700668811798,0,0.04913000017404556,0.10718900710344315,0.9930239915847778,0,0.1466660052537918,1.5161670446395874,0,1,0.9999759793281555,0.006845999974757433,-0.0004970000009052455,0,-0.006845999974757433,0.9999769926071167,-0.00002399999175395351,0,0.0004970000009052455,0.00002700000004551839,1,0,-0.08241499960422516,1.5215070247650146,0,1,0.9504510164260864,-0.31057700514793396,-0.013584000058472157,0,0.3102110028266907,0.9446640014648438,0.106672003865242,0,-0.02029700204730034,-0.10560000687837601,0.9942010045051575,0,1.1470659971237183,3.328169107437134,0.10804499685764313,1,0.9977779984474182,0.06653899699449539,0.003333000000566244,0,-0.06467299908399582,0.9553719758987427,0.2882390022277832,0,0.015994999557733536,-0.28781500458717346,0.9575530290603638,0,-0.0119439996778965,1.364372968673706,0,1,0.9997900128364563,-0.02051199972629547,0.00021800000104121864,0,0.02051199972629547,0.9997900128364563,0.0000019999999949504854,0,-0.00021800000104121864,0.000003000000106112566,1,0,0.018693000078201294,1.2893359661102295,0,1,0.9838089942932129,-0.1652889996767044,-0.06927499920129776,0,0.17921899259090424,0.9074190258979797,0.3800939917564392,0,0.00003699972512549721,-0.3863550126552582,0.9223499894142151,0,-0.5735329985618591,3.4338929653167725,-0.03178099915385246,1,0.9820950031280518,0.17173300683498383,0.07743600010871887,0,-0.1833219975233078,0.7765830159187317,0.6027529835700989,0,0.04337700083851814,-0.6061570048332214,0.7941610217094421,0,-0.04908499866724014,1.220600962638855,0,1,0.9828410148620605,-0.1844410002231598,-0.002320999978110194,0,0.1844410002231598,0.9828439950942993,-0.00018600000475998968,0,0.002314999932423234,-0.00024500000290572643,0.9999970197677612,0,0.1200380027294159,1.1328710317611694,0,1,-0.9629030227661133,0.1959410011768341,0.18554000556468964,0,0.2515450119972229,0.40284299850463867,0.8800240159034729,0,0.09769000113010406,0.8940489888191223,-0.43718698620796204,0,2.3376400470733643,-0.4236850142478943,1.4546229839324951,1,0.9677540063858032,-0.15935200452804565,-0.1950870007276535,0,0.007418000604957342,0.792165994644165,-0.610260009765625,0,0.2517879903316498,0.5891349911689758,0.7678040266036987,0,0,8.004207611083984,0,1,0.9881410002708435,-0.048335000872612,0.1457419991493225,0,-0.12117899954319,0.33744698762893677,0.9335119724273682,0,-0.0943010002374649,-0.9401029944419861,0.3275879919528961,0,0,7.24100923538208,0,1,0.9973769783973694,-0.044192999601364136,0.0573199987411499,0,0.007601999677717686,0.8515300154685974,0.5242509841918945,0,-0.07197800278663635,-0.522441029548645,0.8496320247650146,0,0,5.163156986236572,0,1,-0.9314820170402527,-0.23813000321388245,-0.27501699328422546,0,-0.27366599440574646,-0.03939500078558922,0.9610180258750916,0,-0.23968200385570526,0.9704340100288391,-0.02847299911081791,0,-2.3376400470733643,-0.45892998576164246,1.4546229839324951,1,0.9884390234947205,-0.054687000811100006,-0.14141400158405304,0,-0.039128001779317856,0.8090940117835999,-0.5863760113716125,0,0.14648400247097015,0.585129976272583,0.7975999712944031,0,0,8.002276420593262,0,1,0.9614059925079346,0.2545889914035797,-0.10431700199842453,0,0.09303600341081619,0.055991996079683304,0.9940869808197021,0,0.2589249908924103,-0.9654269814491272,0.03014499880373478,0,0,7.2382659912109375,0,1,0.9943469762802124,-0.0007040000054985285,-0.10617899894714355,0,0.055034998804330826,0.8585910201072693,0.5096989870071411,0,0.09080500155687332,-0.5126609802246094,0.8537759780883789,0,0,5.134068012237549,0,1
