0.967,30,29,65
B0,mixamorig_Hips,-1,0.9953969717025757,-0.02034406177699566,-0.09030090272426605,0,0.0226870309561491,0.9993141293525696,0.02665119245648384,0,0.08976811170578003,-0.028808698058128357,0.995262861251831,0,0.7287852764129639,68.47267150878906,-0.7769376039505005,1
B1,mixamorig_Spine,0,0.9997177720069885,0.022615903988480568,-0.005836858879774809,0,-0.022700248286128044,0.9996508359909058,-0.012989879585802555,0,0.0055477493442595005,0.013110078871250153,0.9998877048492432,0,0,3.962399959564209,-0.2743000090122223,1
B2,mixamorig_Spine1,1,0.9999507069587708,-0.003043672302737832,-0.004170362371951342,0,0.00312037649564445,0.9997853636741638,0.0200824998319149,0,0.004111637827008963,-0.020124679431319237,0.9997612237930298,0,0,14.123299598693848,0.26440000534057617,1
B3,mixamorig_Spine2,2,0.9998794794082642,-0.01237113494426012,-0.00406019389629364,0,0.012107412330806255,0.9982152581214905,-0.05835382267832756,0,0.004777632653713226,0.058270301669836044,0.9982606172561646,0,0,11.404500007629395,0.10610000044107437,1
B4,mixamorig_Neck,3,0.9995517730712891,-0.021111438050866127,0.020908519625663757,0,0.02142029069364071,0.9996485114097595,-0.014926306903362274,0,-0.020576396957039833,0.01536171417683363,0.999663770198822,0,0,9.946700096130371,0,1
B5,mixamorig_Head,4,0.9969763159751892,0.015499445609748363,0.07605315744876862,0,-0.01571657881140709,0.9998722672462463,0.0022958426270633936,0,-0.0760093554854393,-0.0034895683638751507,0.997094988822937,0,0,8.579099655151367,0.11420000344514847,1
B6,mixamorig_HeadTop_End,5,1,0,0,0,0,1,0,0,0,0,1,0,0,25.089099884033203,0.33390000462532043,1
B7,mixamorig_LeftShoulder,3,0.31026095151901245,0.11933407932519913,-0.9427961111068726,0,0.9172841310501099,-0.29627278447151184,0.26455071568489075,0,-0.24779440462589264,-0.9475097060203552,-0.2010556161403656,0,4.224100112915039,8.89840030670166,-0.05660000070929527,1
B8,mixamorig_LeftArm,7,0.9454020261764526,-0.3052695691585541,-0.10578067600727081,0,0.23080843687057495,0.40785646438598633,0.8827326893806458,0,-0.22600314021110535,-0.8595807552337646,0.4572840631008148,0,0,8.861000061035156,0,1
B9,mixamorig_LeftForeArm,8,0.8481274843215942,0.5297335982322693,0.007843641564249992,0,-0.5297412872314453,0.8477494716644287,0.026358962059020996,0,0.007313981652259827,-0.02651062235236168,0.9996219873428345,0,0,18.975200653076172,0,1
B10,mixamorig_LeftHand,9,0.7395392656326294,0.07266182452440262,-0.6621884107589722,0,0.16916126012802124,0.9395975470542908,0.28125885128974915,0,0.640419602394104,-0.3247798979282379,0.6856564879417419,0,0,19.895999908447266,0,1
B11,mixamorig_LeftHandThumb1,10,0.7396460771560669,0.21150419116020203,-0.6387497782707214,0,-0.24937912821769714,0.9674841165542603,0.03164517506957054,0,0.6250410079956055,0.13595907390117645,0.7682690024375916,0,-2.088900089263916,2.1412999629974365,1.2094000577926636,1
B12,mixamorig_LeftHandThumb2,11,0.9868096113204956,-0.0399303063750267,0.15344369411468506,0,0.0010748592903837562,0.9688439965248108,0.2457217276096344,0,-0.15842542052268982,-0.24218817055225372,0.9571080803871155,0,-0.329800009727478,2.5601000785827637,0,1
B13,mixamorig_LeftHandThumb3,12,0.8707786798477173,0.41859710216522217,-0.2575048804283142,0,-0.40271708369255066,0.9080682396888733,0.1144443079829216,0,0.2816968262195587,0.004125612322241068,0.959441602230072,0,0.07689999788999557,2.7272000312805176,0,1
B14,mixamorig_LeftHandThumb4,13,1,0,0,0,0,1,0,0,0,0,1,0,0.25290000438690186,2.237600088119507,0,1
B15,mixamorig_LeftHandIndex1,10,0.9973621964454651,0.04664194583892822,-0.0541323684155941,0,-0.047490041702985764,0.9985882639884949,-0.010265926830470562,0,0.0534549355506897,0.012870541773736477,0.9982101321220398,0,-2.5859999656677246,6.942299842834473,0.02969999983906746,1
B16,mixamorig_LeftHandIndex2,15,0.9991558194160461,-0.040832359343767166,-0.004451404791325331,0,0.040310874581336975,0.9540066123008728,0.2970507740974426,0,-0.007883596234023571,-0.29697972536087036,0.9548470973968506,0,0.0010000000474974513,2.844899892807007,0,1
B17,mixamorig_LeftHandIndex3,16,0.9999973177909851,-0.002338541205972433,0.00037421734305098653,0,0.0023035206831991673,0.9971812963485718,0.07494417577981949,0,-0.0005492456839419901,-0.07494283467531204,0.9971839785575867,0,-0.0013000000035390258,2.6654999256134033,0,1
B18,mixamorig_LeftHandIndex4,17,1,0,0,0,0,1,0,0,0,0,1,0,0.0003000000142492354,2.2973999977111816,0,1
B19,mixamorig_LeftHandMiddle1,10,0.9988667368888855,-0.04340822622179985,-0.01905181258916855,0,0.047065261751413345,0.9563612937927246,0.28721123933792114,0,0.005648565478622913,-0.28778719902038574,0.9573377966880798,0,-0.8149999976158142,6.827199935913086,-0.11010000109672546,1
B20,mixamorig_LeftHandMiddle2,19,0.9987213611602783,-0.04975541681051254,-0.008951889351010323,0,0.04838216304779053,0.8893707990646362,0.45461931824684143,0,-0.01465806644409895,-0.454470694065094,0.8906404376029968,0,-0.011699999682605267,3.2567999362945557,0,1
B21,mixamorig_LeftHandMiddle3,20,0.9997240304946899,-0.02329733595252037,-0.003120074048638344,0,0.023258676752448082,0.9612740278244019,0.27461034059524536,0,-0.003398032858967781,-0.2746066749095917,0.9615506529808044,0,-0.000699999975040555,3.1779000759124756,0,1
B22,mixamorig_LeftHandMiddle4,21,1,0,0,0,0,1,0,0,0,0,1,0,0.012400000356137753,2.6951000690460205,0,1
B23,mixamorig_LeftHandRing1,10,0.9995937347412109,-0.01902719773352146,-0.021199384704232216,0,0.027729777619242668,0.819189190864563,0.5723639726638794,0,0.006452807225286961,-0.572719395160675,0.8193857669830322,0,0.8988000154495239,6.77869987487793,-0.023000000044703484,1
B24,mixamorig_LeftHandRing2,23,0.9996293187141418,-0.026529131457209587,-0.006080864928662777,0,0.027148492634296417,0.9560264945030212,0.292019784450531,0,-0.0019337828271090984,-0.29207709431648254,0.9563931226730347,0,-0.004000000189989805,2.9579999446868896,0,1
B25,mixamorig_LeftHandRing3,24,0.9998486638069153,-0.016797151416540146,-0.004494164139032364,0,0.01737051270902157,0.9765819311141968,0.21444526314735413,0,0.0007866188534535468,-0.214490607380867,0.9767252802848816,0,0.0024999999441206455,2.7569000720977783,0,1
B26,mixamorig_LeftHandRing4,25,1,0,0,0,0,1,0,0,0,0,1,0,0.001500000013038516,2.3345999717712402,0,1
B27,mixamorig_LeftHandPinky1,10,0.9908207058906555,-0.1203780472278595,-0.060829587280750275,0,0.13468825817108154,0.8582211136817932,0.4947737157344818,0,-0.007541424594819546,-0.4984583258628845,0.8666273355484009,0,2.50219988822937,6.3907999992370605,0.08749999850988388,1
B28,mixamorig_LeftHandPinky2,27,0.99919593334198,-0.03965768590569496,-0.005908159539103508,0,0.03749814257025719,0.8721129894256592,0.4878629446029663,0,-0.014195208437740803,-0.487692266702652,0.8728980422019958,0,0.0031999999191612005,2.623699903488159,0,1
B29,mixamorig_LeftHandPinky3,28,0.999519944190979,-0.03091878816485405,-0.0018538519507274032,0,0.030919788405299187,0.9924262762069702,0.11887229979038239,0,-0.0018358520464971662,-0.11887295544147491,0.9929063320159912,0,0.0038999998942017555,2.1321001052856445,0,1
B30,mixamorig_LeftHandPinky4,29,1,0,0,0,0,1,0,0,0,0,1,0,-0.0071000000461936,1.7932000160217285,0,1
B31,mixamorig_RightShoulder,3,0.11069341748952866,0.012734375894069672,0.9936845302581787,0,-0.948468804359436,-0.2968055009841919,0.1095200628042221,0,0.2963345944881439,-0.9547650218009949,-0.020615199580788612,0,-4.224100112915039,8.897299766540527,-0.03020000085234642,1
B32,mixamorig_RightArm,31,0.9805968999862671,0.0971808210015297,0.16472677886486053,0,-0.1912500113248825,0.5102338790893555,0.8373900055885315,0,-0.0028912907000631094,-0.8541743755340576,0.519951343536377,0,0,8.861000061035156,0,1
B33,mixamorig_RightForeArm,32,0.8302944302558899,-0.5572604537010193,-0.008365408517420292,0,0.5572704672813416,0.8299154043197632,0.026249270886182785,0,-0.007684408221393824,-0.02645627222955227,0.9996203184127808,0,0,18.973600387573242,0,1
B34,mixamorig_RightHand,33,0.8729722499847412,0.02020304463803768,0.48712971806526184,0,-0.05086587369441986,0.9974502921104431,0.0498872846364975,0,-0.48487725853919983,-0.06829391419887543,0.8717842102050781,0,0,19.898300170898438,0,1
B35,mixamorig_RightHandThumb1,34,0.8538503646850586,-0.3618232309818268,0.3740784227848053,0,0.29858437180519104,0.929273247718811,0.21727223694324493,0,-0.4262877404689789,-0.07379650324583054,0.9015624523162842,0,2.062000036239624,2.147700071334839,1.2410000562667847,1
B36,mixamorig_RightHandThumb2,35,0.9901712536811829,0.05406346917152405,0.12886960804462433,0,-0.03307485207915306,0.9865791201591492,-0.15986360609531403,0,-0.13578936457633972,0.15404090285301208,0.9786725044250488,0,0.274399995803833,2.5659000873565674,0,1
B37,mixamorig_RightHandThumb3,36,0.9352359771728516,-0.3149186074733734,-0.1617327332496643,0,0.31353694200515747,0.948941171169281,-0.034678731113672256,0,0.16439701616764069,-0.018275482580065727,0.986224353313446,0,-0.07670000195503235,2.7302000522613525,0,1
B38,mixamorig_RightHandThumb4,37,1,0,0,0,0,1,0,0,0,0,1,0,-0.19769999384880066,2.24429988861084,0,1
B39,mixamorig_RightHandIndex1,34,0.9903461933135986,-0.1370924860239029,-0.020436866208910942,0,0.1384970098733902,0.9728127717971802,0.18554779887199402,0,-0.005562574602663517,-0.18658703565597534,0.9824104905128479,0,2.5699000358581543,7.053800106048584,0.05090000107884407,1
B40,mixamorig_RightHandIndex2,39,0.9983651638031006,0.056208353489637375,0.010335997678339481,0,-0.054880157113075256,0.8924075365066528,0.4478774964809418,0,0.01595068909227848,-0.4477125406265259,0.8940337896347046,0,-0.001500000013038516,2.8162999153137207,0,1
B41,mixamorig_RightHandIndex3,40,0.9999679923057556,0.007268027402460575,-0.003290524473413825,0,-0.0059598712250590324,0.9546898007392883,0.29753702878952026,0,0.005304344929754734,-0.2975083589553833,0.954703152179718,0,0.0012000000569969416,2.6396000385284424,0,1
B42,mixamorig_RightHandIndex4,41,1,0,0,0,0,1,0,0,0,0,1,0,0.0003000000142492354,2.241499900817871,0,1
B43,mixamorig_RightHandMiddle1,34,0.9999695420265198,0.0038534163031727076,0.002950252266600728,0,-0.0047147441655397415,0.9153112173080444,0.4026341140270233,0,-0.0011834398610517383,-0.40265095233917236,0.9153350591659546,0,0.765500009059906,7.018199920654297,-0.09040000289678574,1
B44,mixamorig_RightHandMiddle2,43,0.9977336525917053,0.06516306102275848,0.01678304187953472,0,-0.06166037917137146,0.7855058312416077,0.6157753467559814,0,0.026942720636725426,-0.6154143214225769,0.7877431511878967,0,0.008500000461935997,3.3401999473571777,0,1
B45,mixamorig_RightHandMiddle3,44,0.9986366629600525,0.05064436048269272,0.012653021141886711,0,-0.049898359924554825,0.8549228310585022,0.5163496136665344,0,0.015332680195569992,-0.5162769556045532,0.8562841415405273,0,-0.007899999618530273,3.0566999912261963,0,1
B46,mixamorig_RightHandMiddle4,45,1,0,0,0,0,1,0,0,0,0,1,0,-0.0006000000284984708,2.6394999027252197,0,1
B47,mixamorig_RightHandRing1,34,0.9992206692695618,0.03594212606549263,0.016326239332556725,0,-0.03784193471074104,0.7543572187423706,0.655354380607605,0,0.011236266233026981,-0.6554611921310425,0.7551289796829224,0,-0.892300009727478,6.911099910736084,-0.12160000205039978,1
B48,mixamorig_RightHandRing2,47,0.9989603161811829,0.043920308351516724,0.012219184078276157,0,-0.04509932920336723,0.9129194021224976,0.405640572309494,0,0.006660462822765112,-0.40576955676078796,0.9139510989189148,0,-0.003000000026077032,2.9238998889923096,0,1
B49,mixamorig_RightHandRing3,48,0.9999960064888,0.00010636776278261095,-0.0027479592245072126,0,0.0008563125156797469,0.9375319480895996,0.34789741039276123,0,0.002613421995192766,-0.3478984236717224,0.9375286102294922,0,0.0026000000070780516,2.7179999351501465,0,1
B50,mixamorig_RightHandRing4,49,1,0,0,0,0,1,0,0,0,0,1,0,0.0003000000142492354,2.3796000480651855,0,1
B51,mixamorig_RightHandPinky1,34,0.9977167844772339,0.05813703313469887,0.03430913761258125,0,-0.06525738537311554,0.700531542301178,0.7106122374534607,0,0.01726798713207245,-0.7112315893173218,0.702729344367981,0,-2.4430999755859375,6.45359992980957,0.12549999356269836,1
B52,mixamorig_RightHandPinky2,51,0.9973750114440918,0.06834368407726288,0.023912066593766212,0,-0.06287680566310883,0.6537536978721619,0.7540899515151978,0,0.035904962569475174,-0.7536143064498901,0.6563349962234497,0,-0.0026000000070780516,2.6278998851776123,0,1
B53,mixamorig_RightHandPinky3,52,0.9991236925125122,0.04116571694612503,-0.007582306861877441,0,-0.024794427677989006,0.7279750108718872,0.6851542592048645,0,0.03372466191649437,-0.6843662858009338,0.7283579707145691,0,-0.0019000000320374966,2.122499942779541,0,1
B54,mixamorig_RightHandPinky4,53,1,0,0,0,0,1,0,0,0,0,1,0,0.0044999998062849045,1.7920000553131104,0,1
B55,mixamorig_LeftUpLeg,0,-0.9987584352493286,0.03886516019701958,-0.030166124925017357,0,-0.049143265932798386,-0.8063282370567322,0.5893829464912415,0,-0.0013955857139080763,0.5901210904121399,0.8072695732116699,0,7.557000160217285,-4.826300144195557,0.3005000054836273,1
B56,mixamorig_LeftLeg,55,0.9923981428146362,0.12148109078407288,-0.00328783318400383,0,-0.08649854362010956,0.6794846057891846,-0.7213437557220459,0,-0.08715023845434189,0.7162514925003052,0.6849213242530823,0,-0.12460000067949295,24.065799713134766,0.1046999990940094,1
B57,mixamorig_LeftFoot,56,0.999316394329071,-0.03159704804420471,0.01727873459458351,0,0.0023053865879774094,0.5336984992027283,0.8456390500068665,0,-0.03592024743556976,-0.8450173139572144,0.5334320664405823,0,-0.006000000052154064,33.0630989074707,0.0038999998942017555,1
B58,mixamorig_LeftToeBase,57,0.9998490214347839,-0.00005004828199162148,0.017372341826558113,0,-0.009378064423799515,0.8402352929115295,0.5421397089958191,0,-0.014623714610934258,-0.5422213673591614,0.8401082754135132,0,-0.0052999998442828655,12.89330005645752,-0.515500009059906,1
B59,mixamorig_LeftToe_End,58,1,0,0,0,0,1,0,0,0,0,1,0,0.0142000000923872,6.42080020904541,0.007899999618530273,1
B60,mixamorig_RightUpLeg,0,-0.9680883884429932,-0.11315121501684189,-0.2227102369070053,0,0.10537644475698471,-0.9930217862129211,0.04687747359275818,0,-0.22684232890605927,0.02200106903910637,0.9735410213470459,0,-7.557000160217285,-4.826300144195557,0.3005000054836273,1
B61,mixamorig_RightLeg,60,0.9972765445709229,-0.005472470074892044,0.06820337474346161,0,0.024485701695084572,0.9605284333229065,-0.27692076563835144,0,-0.06399355083703995,0.2778419554233551,0.9580446481704712,0,0.12479999661445618,24.070100784301758,-0.14489999413490295,1
B62,mixamorig_RightFoot,61,0.9963249564170837,-0.08319355547428131,-0.020226718857884407,0,0.04680687189102173,0.3308514654636383,0.9419283270835876,0,-0.07160970568656921,-0.9394203424453735,0.33353257179260254,0,0.006000000052154064,33.0630989074707,0.0044999998062849045,1
B63,mixamorig_RightToeBase,62,0.9998509883880615,0.0007202997803688049,-0.017236320301890373,0,0.009441319853067398,0.813376247882843,0.581661581993103,0,0.014439319260418415,-0.5817375779151917,0.8132485747337341,0,0.005400000140070915,12.718299865722656,-0.5224000215530396,1
B64,mixamorig_RightToe_End,63,1,0,0,0,0,1,0,0,0,0,1,0,-0.0142000000923872,6.412099838256836,0.007899999618530273,1
@52,0,1,2,3,4,5,7,8,9,10,11,12,13,15,16,17,19,20,21,23,24,25,27,28,29,31,32,33,34,35,36,37,39,40,41,43,44,45,47,48,49,51,52,53,55,56,57,58,60,61,62,63
K0.000,0.9830849766731262,-0.06254900246858597,-0.17213499546051025,0,0.060763999819755554,0.9980300068855286,-0.015625,0,0.17277300357818604,0.004900999832898378,0.984948992729187,0,0.21934600174427032,68.68506622314453,-0.48571398854255676,1,0.999101996421814,0.04012800008058548,0.0135690001770854,0,-0.04017899930477142,0.9991859793663025,0.003548000007867813,0,-0.013415999710559845,-0.004089999943971634,0.9999020099639893,0,0,3.962399959564209,-0.2743000090122223,1,0.9991000294685364,0.011935999616980553,0.04069399833679199,0,-0.013094999827444553,0.9995129704475403,0.02834000065922737,0,-0.0403360016644001,-0.02884799987077713,0.998769998550415,0,0,14.123299598693848,0.26440000534057617,1,0.9991949796676636,0.004780999850481749,0.03982599824666977,0,-0.002739999908953905,0.9986870288848877,-0.05114800110459328,0,-0.04001900181174278,0.05099799856543541,0.9978970289230347,0,0,11.404500007629395,0.10610000044107437,1,0.9996510148048401,-0.016820000484585762,0.02038400061428547,0,0.017169000580906868,0.9997069835662842,-0.0170499999076128,0,-0.02009199932217598,0.01739400066435337,0.9996470212936401,0,0,9.946700096130371,0,1,0.9977390170097351,0.006990999914705753,0.06684999912977219,0,-0.005402000155299902,0.9996989965438843,-0.023910999298095703,0,-0.0669969990849495,0.023496000096201897,0.9974759817123413,0,0,8.579099655151367,0.11420000344514847,1,0.3466709852218628,0.13178899884223938,-0.9286820292472839,0,0.9190899729728699,-0.24545900523662567,0.30825701355934143,0,-0.1873289942741394,-0.960407018661499,-0.20622000098228455,0,4.224100112915039,8.89840030670166,-0.05660000070929527,1,0.9918410181999207,-0.12403400242328644,-0.02944199927151203,0,0.08264099806547165,0.44974198937416077,0.8893269896507263,0,-0.09706500172615051,-0.8845040202140808,0.4563229978084564,0,0,8.861000061035156,0,1,0.8063579797744751,0.5913450121879578,0.009921999648213387,0,-0.5913529992103577,0.8058750033378601,0.02942500077188015,0,0.009403999894857407,-0.029594000428915024,0.9995179772377014,0,0,18.975200653076172,0,1,0.8965029716491699,0.2265699952840805,-0.38072100281715393,0,-0.23944799602031708,0.9708099961280823,0.013894000090658665,0,0.3727560043334961,0.0787070021033287,0.9245859980583191,0,0,19.895999908447266,0,1,0.7236700057983398,0.28306999802589417,-0.6294220089912415,0,-0.22178199887275696,0.9590240120887756,0.17631100118160248,0,0.6535400152206421,0.012002999894320965,0.7567970156669617,0,-2.088900089263916,2.1412999629974365,1.2094000577926636,1,0.9311469793319702,-0.011459999717772007,0.36446401476860046,0,-0.03744500130414963,0.9912170171737671,0.1268330067396164,0,-0.3627159893512726,-0.1317480057477951,0.922540009021759,0,-0.329800009727478,2.5601000785827637,0,1,0.9591490030288696,0.21003800630569458,-0.18951700627803802,0,-0.19580300152301788,0.9763969779014587,0.09115699678659439,0,0.20419000089168549,-0.050324998795986176,0.977636992931366,0,0.07689999788999557,2.7272000312805176,0,1,0.9983630180358887,0.057103998959064484,-0.003341000061482191,0,-0.05718199908733368,0.9947429895401001,-0.08495499938726425,0,-0.0015279999934136868,0.08500699698925018,0.996379017829895,0,-2.5859999656677246,6.942299842834473,0.02969999983906746,1,0.9991840124130249,-0.040178000926971436,-0.004246000200510025,0,0.039684999734163284,0.9563170075416565,0.28962400555610657,0,-0.007575999945402145,-0.28955599665641785,0.957131028175354,0,0.0010000000474974513,2.844899892807007,0,1,0.9999989867210388,-0.00164899998344481,0.00039400000241585076,0,0.0016189999878406525,0.9977390170097351,0.06719300150871277,0,-0.0005039999959990382,-0.06719300150871277,0.9977399706840515,0,-0.0013000000035390258,2.6654999256134033,0,1,0.9998570084571838,-0.01358299981802702,-0.010068999603390694,0,0.015791000798344612,0.9630249738693237,0.2689470052719116,0,0.006043999921530485,-0.26906800270080566,0.9631019830703735,0,-0.8149999976158142,6.827199935913086,-0.11010000109672546,1,0.9987159967422485,-0.04985800012946129,-0.009002000093460083,0,0.04847700148820877,0.8887509703636169,0.4558190107345581,0,-0.014725999906659126,-0.45566999912261963,0.8900269865989685,0,-0.011699999682605267,3.2567999362945557,0,1,0.9997209906578064,-0.023392999544739723,-0.003145999973639846,0,0.023353999480605125,0.9609490036964417,0.27573901414871216,0,-0.0034280000254511833,-0.2757349908351898,0.9612269997596741,0,-0.000699999975040555,3.1779000759124756,0,1,0.9998019933700562,-0.011064000427722931,-0.01652500033378601,0,0.018346000462770462,0.8338890075683594,0.551626980304718,0,0.007677000015974045,-0.5518209934234619,0.8339269757270813,0,0.8988000154495239,6.77869987487793,-0.023000000044703484,1,0.9996209740638733,-0.02680700086057186,-0.006202000193297863,0,0.027442000806331635,0.9549019932746887,0.295648992061615,0,-0.002002999885007739,-0.29570698738098145,0.9552770256996155,0,-0.004000000189989805,2.9579999446868896,0,1,0.9998440146446228,-0.017083000391721725,-0.004592999815940857,0,0.017673000693321228,0.9757500290870667,0.21817100048065186,0,0.0007539999787695706,-0.21821799874305725,0.9758999943733215,0,0.0024999999441206455,2.7569000720977783,0,1,0.9924389719963074,-0.10976199805736542,-0.05493700131773949,0,0.12251999974250793,0.858942985534668,0.4971979856491089,0,-0.007385999895632267,-0.5001689791679382,0.8658959865570068,0,2.50219988822937,6.3907999992370605,0.08749999850988388,1,0.9992009997367859,-0.039538998156785965,-0.005859000142663717,0,0.03739200159907341,0.8728359937667847,0.4865790009498596,0,-0.01412499975413084,-0.4864090085029602,0.8736169934272766,0,0.0031999999191612005,2.623699903488159,0,1,0.9995239973068237,-0.03079400025308132,-0.0018240000354126096,0,0.030796000733971596,0.992605984210968,0.11741100251674652,0,-0.0018050000071525574,-0.11741200089454651,0.9930819869041443,0,0.0038999998942017555,2.1321001052856445,0,1,0.08046499639749527,0.01421700045466423,0.9966560006141663,0,-0.9404150247573853,-0.3303290009498596,0.08063600212335587,0,0.3303700089454651,-0.943759024143219,-0.013209999538958073,0,-4.224100112915039,8.897299766540527,-0.03020000085234642,1,0.9122710227966309,0.17892499268054962,0.3684389889240265,0,-0.40782999992370605,0.4800330102443695,0.7766870260238647,0,-0.03789399936795235,-0.8588100075721741,0.5108910202980042,0,0,8.861000061035156,0,1,0.8435840010643005,-0.5369420051574707,-0.007739999797195196,0,0.5369510054588318,0.8432340025901794,0.02529199980199337,0,-0.007054000161588192,-0.025491999462246895,0.9996500015258789,0,0,18.973600387573242,0,1,0.8721640110015869,-0.03861600160598755,0.48768699169158936,0,-0.006049000192433596,0.9959520101547241,0.08967900276184082,0,-0.4891760051250458,-0.08116500079631805,0.8684009909629822,0,0,19.898300170898438,0,1,0.8609259724617004,-0.3414199948310852,0.37714600563049316,0,0.27985700964927673,0.936939001083374,0.2093449980020523,0,-0.42483800649642944,-0.07468400150537491,0.902184009552002,0,2.062000036239624,2.147700071334839,1.2410000562667847,1,0.9871309995651245,0.048656001687049866,0.15233199298381805,0,-0.02509400062263012,0.9879170060157776,-0.15293599665164948,0,-0.15793199837207794,0.14714500308036804,0.9764249920845032,0,0.274399995803833,2.5659000873565674,0,1,0.9373319745063782,-0.3063710033893585,-0.16596800088882446,0,0.30543801188468933,0.9516819715499878,-0.03175799921154976,0,0.16767799854278564,-0.020925000309944153,0.9856200218200684,0,-0.07670000195503235,2.7302000522613525,0,1,0.9920570254325867,-0.12462200224399567,-0.017123999074101448,0,0.12569500505924225,0.9767069816589355,0.1739100068807602,0,-0.004947999957948923,-0.17468099296092987,0.9846130013465881,0,2.5699000358581543,7.053800106048584,0.05090000107884407,1,0.9983540177345276,0.056393999606370926,0.01042999979108572,0,-0.055052001029253006,0.8913859724998474,0.4498879909515381,0,0.01607399992644787,-0.4497219920158386,0.8930240273475647,0,-0.001500000013038516,2.8162999153137207,0,1,0.9999669790267944,0.00748400017619133,-0.0032730000093579292,0,-0.006159000098705292,0.9540179967880249,0.299686998128891,0,0.005365999881178141,-0.2996569871902466,0.9540320038795471,0,0.0012000000569969416,2.6396000385284424,0,1,0.9994040131568909,0.031348999589681625,0.014422999694943428,0,-0.03447899967432022,0.9243090152740479,0.3800849914550781,0,-0.001415999955497682,-0.3803560137748718,0.9248390197753906,0,0.765500009059906,7.018199920654297,-0.09040000289678574,1,0.9977359771728516,0.06512799859046936,0.01675800047814846,0,-0.0616299994289875,0.7858049869537354,0.6153960227966309,0,0.026910999789834023,-0.6150360107421875,0.7880399823188782,0,0.008500000461935997,3.3401999473571777,0,1,0.9986379742622375,0.050620000809431076,0.012639000080525875,0,-0.04987499862909317,0.8550829887390137,0.5160859823226929,0,0.015317000448703766,-0.5160139799118042,0.8564429879188538,0,-0.007899999618530273,3.0566999912261963,0,1,0.9991899728775024,0.036511000245809555,0.016932999715209007,0,-0.03881800174713135,0.7632020115852356,0.644993007183075,0,0.010626000352203846,-0.6451280117034912,0.7640010118484497,0,-0.892300009727478,6.911099910736084,-0.12160000205039978,1,0.9989699721336365,0.04372600093483925,0.012105000205338001,0,-0.04489099979400635,0.9139270186424255,0.40338900685310364,0,0.006575999781489372,-0.4035170078277588,0.9149479866027832,0,-0.003000000026077032,2.9238998889923096,0,1,0.9999960064888,-0.00012700000661425292,-0.0027749999426305294,0,0.0010779999429360032,0.9383950233459473,0.34556299448013306,0,0.0025599999353289604,-0.34556499123573303,0.9383909702301025,0,0.0026000000070780516,2.7179999351501465,0,1,0.9972490072250366,0.06355699896812439,0.03814199939370155,0,-0.07213699817657471,0.7138479948043823,0.6965749859809875,0,0.017045000568032265,-0.697409987449646,0.7164689898490906,0,-2.4430999755859375,6.45359992980957,0.12549999356269836,1,0.9973689913749695,0.06840900331735611,0.023972999304533005,0,-0.06293000280857086,0.6530050039291382,0.754734992980957,0,0.035976000130176544,-0.7542579770088196,0.6555920243263245,0,-0.0026000000070780516,2.6278998851776123,0,1,0.9991199970245361,0.04126200079917908,-0.007550999987870455,0,-0.024853000417351723,0.7272980213165283,0.6858720183372498,0,0.03379200026392937,-0.6850810050964355,0.7276830077171326,0,-0.0019000000320374966,2.122499942779541,0,1,-0.9995139837265015,-0.029635999351739883,0.009716999717056751,0,0.030578000470995903,-0.8698499798774719,0.49236801266670227,0,-0.006138999946415424,0.4924260079860687,0.8703330159187317,0,7.557000160217285,-4.826300144195557,0.3005000054836273,1,0.9931100010871887,0.07666800171136856,-0.08862999826669693,0,-0.11084199696779251,0.36902299523353577,-0.9227870106697083,0,-0.03804200142621994,0.9262530207633972,0.3749780058860779,0,-0.12460000067949295,24.065799713134766,0.1046999990940094,1,0.9999539852142334,-0.0008249999955296516,0.009583000093698502,0,-0.007067000027745962,0.612775981426239,0.7902250289916992,0,-0.006523999851197004,-0.7902560234069824,0.612742006778717,0,-0.006000000052154064,33.0630989074707,0.0038999998942017555,1,0.993736982345581,-0.05627499893307686,0.09654500335454941,0,-0.016311999410390854,0.7816429734230042,0.6235120296478271,0,-0.11055199801921844,-0.6211820244789124,0.7758299708366394,0,-0.0052999998442828655,12.89330005645752,-0.515500009059906,1,-0.9651250243186951,-0.1737940013408661,-0.19577999413013458,0,0.14821399748325348,-0.9791960120201111,0.13859200477600098,0,-0.21579399704933167,0.10474199801683426,0.9708049893379211,0,-7.557000160217285,-4.826300144195557,0.3005000054836273,1,0.9993039965629578,-0.005799000151455402,0.03684400022029877,0,0.014642000198364258,0.9695339798927307,-0.2445179969072342,0,-0.034304000437259674,0.24488699436187744,0.9689450263977051,0,0.12479999661445618,24.070100784301758,-0.14489999413490295,1,0.9906579852104187,-0.0879260003566742,-0.10424000024795532,0,0.13271799683570862,0.44588300585746765,0.8851969838142395,0,-0.03135300055146217,-0.8907619714736938,0.45338699221611023,0,0.006000000052154064,33.0630989074707,0.0044999998062849045,1,0.9998499751091003,0.0008319999906234443,-0.017274999991059303,0,0.009465999901294708,0.8096209764480591,0.5868769884109497,0,0.014475000090897083,-0.5869529843330383,0.8094919919967651,0,0.005400000140070915,12.718299865722656,-0.5224000215530396,1
K0.033,0.9881320595741272,-0.044645823538303375,-0.14697860181331635,0,0.04545984044671059,0.9989640116691589,0.002179190516471863,0,0.14672860503196716,-0.00883515365421772,0.9891370534896851,0,0.3999563753604889,68.8641357421875,-0.6448242664337158,1,0.9994620084762573,0.03228392079472542,0.005734909791499376,0,-0.032267920672893524,0.9994750022888184,-0.002861079992726445,0,-0.005823911167681217,0.0026740827597677708,0.9999790191650391,0,0,3.962399959564209,-0.2743000090122223,1,0.999750018119812,0.003550961846485734,0.022086791694164276,0,-0.004057957325130701,0.9997280240058899,0.02294897846877575,0,-0.021999791264533997,-0.023032978177070618,0.9994930028915405,0,0,14.123299598693848,0.26440000534057617,1,0.999754011631012,-0.004631048068404198,0.021700795739889145,0,0.005841036327183247,0.9984130263328552,-0.056016020476818085,0,-0.02140679396688938,0.05612901598215103,0.9981939792633057,0,0,11.404500007629395,0.10610000044107437,1,0.9996569752693176,-0.012556062079966068,0.022972989827394485,0,0.012774062342941761,0.999875009059906,-0.009370033629238605,0,-0.022851990535855293,0.009660034440457821,0.9996920228004456,0,0,9.946700096130371,0,1,0.9971330165863037,0.01523201260715723,0.07411704212427139,0,-0.014698020182549953,0.999862015247345,-0.007744906470179558,0,-0.0742250457406044,0.00663390476256609,0.9972190260887146,0,0,8.579099655151367,0.11420000344514847,1,0.3477107882499695,0.1288919299840927,-0.9287000298500061,0,0.9163359999656677,-0.25647830963134766,0.30748575925827026,0,-0.19855836033821106,-0.9579179286956787,-0.2072879672050476,0,4.224100112915039,8.89840030670166,-0.05660000070929527,1,0.9791377782821655,-0.19385984539985657,-0.06089434027671814,0,0.13833768665790558,0.4164579212665558,0.8985678553581238,0,-0.14883659780025482,-0.8882458209991455,0.43458810448646545,0,0,8.861000061035156,0,1,0.8419610857963562,0.5394768714904785,0.00814999733120203,0,-0.5394848585128784,0.8415670394897461,0.026843994855880737,0,0.007622996810823679,-0.026997994631528854,0.9996060132980347,0,0,18.975200653076172,0,1,0.8728231191635132,0.14365838468074799,-0.4664134681224823,0,-0.08862707018852234,0.9864606857299805,0.1379832625389099,0,0.47992026805877686,-0.07909893244504929,0.873738706111908,0,0,19.895999908447266,0,1,0.730798065662384,0.2535906732082367,-0.6337400674819946,0,-0.23435312509536743,0.9652079939842224,0.11598335206508636,0,0.6411029100418091,0.06375855207443237,0.7648020386695862,0,-2.088900089263916,2.1412999629974365,1.2094000577926636,1,0.9625882506370544,0.06488718092441559,0.2630828619003296,0,-0.11113210022449493,0.9800288677215576,0.16490082442760468,0,-0.24712903797626495,-0.18796859681606293,0.9505760669708252,0,-0.329800009727478,2.5601000785827637,0,1,0.9074047207832336,0.34563764929771423,-0.2390621304512024,0,-0.3315286338329315,0.9383156895637512,0.09824516624212265,0,0.258273184299469,-0.009892910718917847,0.966020941734314,0,0.07689999788999557,2.7272000312805176,0,1,0.9985889792442322,0.04774794727563858,-0.023225227370858192,0,-0.048369940370321274,0.9984650015830994,-0.02699868753552437,0,0.021900242194533348,0.028083696961402893,0.9993659853935242,0,-2.5859999656677246,6.942299842834473,0.02969999983906746,1,0.9991710186004639,-0.040481001138687134,-0.0043400004506111145,0,0.03997400030493736,0.9552580118179321,0.2930600345134735,0,-0.007718001026660204,-0.292991042137146,0.9560840129852295,0,0.0010000000474974513,2.844899892807007,0,1,0.9999979734420776,-0.0019680019468069077,0.0003859999414999038,0,0.0019360019359737635,0.9974899888038635,0.0707780197262764,0,-0.0005240000900812447,-0.07077702134847641,0.9974920153617859,0,-0.0013000000035390258,2.6654999256134033,0,1,0.9993299841880798,-0.03282113000750542,-0.016173044219613075,0,0.0361381433904171,0.9545919299125671,0.2957170903682709,0,0.005732998251914978,-0.2961041033267975,0.9551389813423157,0,-0.8149999976158142,6.827199935913086,-0.11010000109672546,1,0.9987170100212097,-0.04982899874448776,-0.008988000452518463,0,0.04845099896192551,0.8889229893684387,0.455487996339798,0,-0.014706999994814396,-0.4553390145301819,0.8901969790458679,0,-0.011699999682605267,3.2567999362945557,0,1,0.9997220039367676,-0.02336999960243702,-0.0031389999203383923,0,0.023329999297857285,0.9610300064086914,0.2754589915275574,0,-0.0034199999645352364,-0.2754549980163574,0.9613080024719238,0,-0.000699999975040555,3.1779000759124756,0,1,0.9996730089187622,-0.016467031091451645,-0.019563021138310432,0,0.02474803663790226,0.8155929446220398,0.5780970454216003,0,0.006435994990170002,-0.5783920884132385,0.8157339692115784,0,0.8988000154495239,6.77869987487793,-0.023000000044703484,1,0.9996280074119568,-0.026590000838041306,-0.006107999477535486,0,0.027212999761104584,0.9557830095291138,0.29281100630760193,0,-0.0019479998154565692,-0.2928679883480072,0.956151008605957,0,-0.004000000189989805,2.9579999446868896,0,1,0.9998480081558228,-0.01685900054872036,-0.004514999687671661,0,0.01743599958717823,0.9764019846916199,0.21525698900222778,0,0.0007800001185387373,-0.2153029888868332,0.9765470027923584,0,0.0024999999441206455,2.7569000720977783,0,1,0.9903680086135864,-0.12279002368450165,-0.06398901343345642,0,0.1382330358028412,0.8501920104026794,0.5080010294914246,0,-0.007973999716341496,-0.5119529962539673,0.8589760065078735,0,2.50219988822937,6.3907999992370605,0.08749999850988388,1,0.9992020130157471,-0.039512999355793,-0.0058479998260736465,0,0.037369001656770706,0.872996985912323,0.4862920045852661,0,-0.014108999632298946,-0.4861229956150055,0.8737769722938538,0,0.0031999999191612005,2.623699903488159,0,1,0.9995250105857849,-0.03076699934899807,-0.0018170000985264778,0,0.030767999589443207,0.9926450252532959,0.11708500981330872,0,-0.0017980000702664256,-0.1170860081911087,0.993120014667511,0,0.0038999998942017555,2.1321001052856445,0,1,0.08608914911746979,0.014304989948868752,0.9961850047111511,0,-0.9394060373306274,-0.33185672760009766,0.08594813942909241,0,0.3318197429180145,-0.9432210326194763,-0.015131033025681973,0,-4.224100112915039,8.897299766540527,-0.03020000085234642,1,0.9485602378845215,0.15224862098693848,0.2775871157646179,0,-0.3160960376262665,0.5047590732574463,0.8033062815666199,0,-0.017812836915254593,-0.849727988243103,0.526919960975647,0,0,8.861000061035156,0,1,0.8352439403533936,-0.549820065498352,-0.008133001625537872,0,0.5498290657997131,0.8348749279975891,0.025899004191160202,0,-0.007450002245604992,-0.026103002950549126,0.9996309876441956,0,0,18.973600387573242,0,1,0.8644900321960449,-0.0055097672156989574,0.5026199221611023,0,-0.02959718555212021,0.9976469874382019,0.06184186786413193,0,-0.5017779469490051,-0.06833797693252563,0.8622930645942688,0,0,19.898300170898438,0,1,0.8617269396781921,-0.3437451124191284,0.3731839954853058,0,0.28506410121917725,0.9364719390869141,0.204350084066391,0,-0.41972002387046814,-0.06971302628517151,0.9049720168113708,0,2.062000036239624,2.147700071334839,1.2410000562667847,1,0.9882490038871765,0.0517360158264637,0.14382889866828918,0,-0.02952602505683899,0.987866997718811,-0.15246805548667908,0,-0.14997190237045288,0.14643006026744843,0.9777870178222656,0,0.274399995803833,2.5659000873565674,0,1,0.9363660216331482,-0.31036004424095154,-0.16399697959423065,0,0.3092150390148163,0.9504150152206421,-0.033130012452602386,0,0.16614697873592377,-0.019687989726662636,0.9859039783477783,0,-0.07670000195503235,2.7302000522613525,0,1,0.9912670254707336,-0.13058306276798248,-0.018382014706730843,0,0.13176706433296204,0.9753170013427734,0.17718105018138885,0,-0.005208002869039774,-0.1780560463666916,0.9840070009231567,0,2.5699000358581543,7.053800106048584,0.05090000107884407,1,0.9983530044555664,0.05641600117087364,0.010441998951137066,0,-0.055073000490665436,0.8912670016288757,0.45012301206588745,0,0.016087999567389488,-0.449957013130188,0.8929049968719482,0,-0.001500000013038516,2.8162999153137207,0,1,0.999966025352478,0.007508998736739159,-0.0032709999941289425,0,-0.006182998418807983,0.9539390206336975,0.29993900656700134,0,0.005372999701648951,-0.29990801215171814,0.9539530277252197,0,0.0012000000569969416,2.6396000385284424,0,1,0.9997529983520508,0.0199388787150383,0.009862949140369892,0,-0.022205868735909462,0.9208609461784363,0.38925808668136597,0,-0.0013209991157054901,-0.3893800973892212,0.9210759401321411,0,0.765500009059906,7.018199920654297,-0.09040000289678574,1,0.9977350234985352,0.06514500081539154,0.016769999638199806,0,-0.06164500117301941,0.7856569886207581,0.6155830025672913,0,0.026926999911665916,-0.6152219772338867,0.7878940105438232,0,0.008500000461935997,3.3401999473571777,0,1,0.9986370205879211,0.05063299834728241,0.012647000141441822,0,-0.0498879998922348,0.8549950122833252,0.5162320137023926,0,0.015325999818742275,-0.5161589980125427,0.8563550114631653,0,-0.007899999618530273,3.0566999912261963,0,1,0.9992009997367859,0.03630099818110466,0.016729997470974922,0,-0.038485001772642136,0.7607059478759766,0.647955060005188,0,0.010795002803206444,-0.6480810642242432,0.7614949345588684,0,-0.892300009727478,6.911099910736084,-0.12160000205039978,1,0.9989659786224365,0.043800000101327896,0.01214900054037571,0,-0.04497100040316582,0.9135410189628601,0.40425199270248413,0,0.006608000490814447,-0.40438100695610046,0.9145669937133789,0,-0.003000000026077032,2.9238998889923096,0,1,0.9999960064888,-0.000036998750147176906,-0.0027649998664855957,0,0.0009929988300427794,0.9380649924278259,0.34645700454711914,0,0.002581000328063965,-0.3464590013027191,0.9380620121955872,0,0.0026000000070780516,2.7179999351501465,0,1,0.9973940253257751,0.06191197410225868,0.037052981555461884,0,-0.07008697092533112,0.7092929482460022,0.7014210820198059,0,0.017145002260804176,-0.7021900415420532,0.7117839455604553,0,-2.4430999755859375,6.45359992980957,0.12549999356269836,1,0.9973660111427307,0.06844999641180038,0.024011999368667603,0,-0.06296399980783463,0.6525279879570007,0.7551440000534058,0,0.036021001636981964,-0.7546669840812683,0.655119001865387,0,-0.0026000000070780516,2.6278998851776123,0,1,0.9991170167922974,0.04132299870252609,-0.007531000301241875,0,-0.024890000000596046,0.7268660068511963,0.6863279938697815,0,0.0338359996676445,-0.6855350136756897,0.7272530198097229,0,-0.0019000000320374966,2.122499942779541,0,1,-0.9997720122337341,0.012155214324593544,-0.017562145367264748,0,-0.019871262833476067,-0.8307857513427734,0.5562372803688049,0,-0.007828984409570694,0.5564593076705933,0.8308377861976624,0,7.557000160217285,-4.826300144195557,0.3005000054836273,1,0.991832971572876,0.11342811584472656,-0.0583195835351944,0,-0.10602186620235443,0.4790554940700531,-0.8713579773902893,0,-0.0708981528878212,0.8704249858856201,0.487169474363327,0,-0.12460000067949295,24.065799713134766,0.1046999990940094,1,0.999288022518158,-0.033819038420915604,0.016744017601013184,0,0.005212994758039713,0.5631637573242188,0.8263291716575623,0,-0.0373760424554348,-0.8256531953811646,0.5629387497901917,0,-0.006000000052154064,33.0630989074707,0.0038999998942017555,1,0.9979689717292786,-0.02804671972990036,0.057191602885723114,0,-0.012974963523447514,0.7895225286483765,0.6135842800140381,0,-0.06236352398991585,-0.6130802631378174,0.7875555157661438,0,-0.0052999998442828655,12.89330005645752,-0.515500009059906,1,-0.9656370282173157,-0.15550871193408966,-0.20823410153388977,0,0.13904178142547607,-0.9860410690307617,0.09159769117832184,0,-0.2195720374584198,0.05949673801660538,0.9737799763679504,0,-7.557000160217285,-4.826300144195557,0.3005000054836273,1,0.9993540048599243,-0.013568973168730736,0.03327815979719162,0,0.021216025575995445,0.9701529145240784,-0.2415642887353897,0,-0.02900715544819832,0.24211427569389343,0.9698139429092407,0,0.12479999661445618,24.070100784301758,-0.14489999413490295,1,0.9939320087432861,-0.08823595941066742,-0.06567755341529846,0,0.09650252759456635,0.4129543900489807,0.905624270439148,0,-0.05278619006276131,-0.9064672589302063,0.41896337270736694,0,0.006000000052154064,33.0630989074707,0.0044999998062849045,1,0.9998509883880615,0.000811999139841646,-0.017268000170588493,0,0.009461999870836735,0.810295045375824,0.5859459638595581,0,0.014468000270426273,-0.5860219597816467,0.81016606092453,0,0.005400000140070915,12.718299865722656,-0.5224000215530396,1
