1.033,30,30,49
B0,mixamorig_Hips,-1,0.9911962151527405,-0.0192001573741436,-0.13095945119857788,0,0.12965027987957,-0.05823751166462898,0.9898460507392883,0,-0.026632001623511314,-0.9981127381324768,-0.05524099990725517,0,0.36566901206970215,17.45212173461914,0.3790186941623688,1
B1,mixamorig_Spine,0,-0.9996471405029297,-0.023783186450600624,0.011807933449745178,0,-0.009009549394249916,-0.1145453080534935,-0.9933770298957825,0,0.024978458881378174,-0.9931333661079407,0.1142912283539772,0,0,-0.28630000352859497,-2.617500066757202,1
B2,mixamorig_Spine1,1,0.9985337257385254,-0.019223321229219437,0.050572916865348816,0,0.018641328439116478,0.9997535943984985,0.011973049491643906,0,-0.0507919080555439,-0.011014774441719055,0.9986473917961121,0,0,3.072000026702881,0,1
B3,mixamorig_Spine2,2,0.9985337257385254,-0.019223321229219437,0.05057389289140701,0,0.018641328439116478,0.9997535943984985,0.011973049491643906,0,-0.0507919080555439,-0.011014774441719055,0.9986473917961121,0,0,3.5107998847961426,0,1
B4,mixamorig_Neck,3,-0.9989346861839294,-0.041603680700063705,0.019956616684794426,0,-0.015762750059366226,-0.09878906607627869,-0.9949825406074524,0,0.04336698725819588,-0.9942367672920227,0.09802695363759995,0,0,3.949700117111206,0,1
B5,mixamorig_Head,4,0.9993067979812622,0.003636400680989027,-0.03701891377568245,0,-0.0026139600668102503,0.9996143579483032,0.027617162093520164,0,0.03710566833615303,-0.02750125341117382,0.998932421207428,0,0,0.6370999813079834,-1.2687000036239624,1
B6,mixamorig_HeadTop_End,5,1,0,0,0,0,1,0,0,0,0,1,0,0,1.9404000043869019,-3.864000082015991,1
B7,mixamorig_LeftShoulder,3,-0.24011336266994476,0.004662739112973213,0.9707313179969788,0,-0.8244633078575134,-0.528863787651062,-0.20139293372631073,0,0.512446403503418,-0.8486928343772888,0.13083414733409882,0,-2.1875,3.059000015258789,0.09290000051259995,1
B8,mixamorig_LeftArm,7,-0.9878547191619873,0.07184132933616638,-0.13772450387477875,0,-0.009749599732458591,0.8561649322509766,0.51659095287323,0,0.15501932799816132,0.5116586089134216,-0.8450782299041748,0,0,4.661499977111816,0,1
B9,mixamorig_LeftForeArm,8,0.6157510876655579,-0.7799909710884094,-0.11078750342130661,0,0.7188258767127991,0.6137852668762207,-0.3261266350746155,0,0.32240888476371765,0.12122253328561783,0.9388030767440796,0,0,6.496200084686279,0,1
B10,mixamorig_LeftHand,9,-0.9723977446556091,-0.14480984210968018,0.18292877078056335,0,-0.07250294834375381,0.9327930212020874,0.35302865505218506,0,-0.22175191342830658,0.33002153038978577,-0.9175541400909424,0,0,6.7027997970581055,0,1
B11,mixamorig_LeftHandThumb1,10,0.8658400177955627,0.4589900076389313,0.19912199676036835,0,-0.48000404238700867,0.6497949957847595,0.5893740057945251,0,0.14112800359725952,-0.605883002281189,0.7829359769821167,0,-0.9193999767303467,1.381500005722046,0.7444000244140625,1
B12,mixamorig_LeftHandThumb2,11,0.9999780058860779,0.003014999907463789,0.00583899999037385,0,-0.0027779999654740095,0.9991919994354248,-0.040098998695611954,0,-0.005954999942332506,0.04008197411894798,0.9991790056228638,0,-0.1462000012397766,1.44760000705719,0,1
B13,mixamorig_LeftHandThumb3,12,0.9989330172538757,0.046094998717308044,0.002807999961078167,0,-0.046094998717308044,0.9989370107650757,-0.00020300000323913991,0,-0.002814000006765127,0.00007400000322377309,0.9999960064888,0,0.04190000146627426,1.5989999771118164,0,1
B14,mixamorig_LeftHandThumb4,13,1,0,0,0,0,1,0,0,0,0,1,0,0.10429999977350235,1.4399000406265259,0,1
B15,mixamorig_LeftHandIndex1,10,0.9197277426719666,0.39229848980903625,0.014173979870975018,0,-0.3134765326976776,0.7122328281402588,0.6280472874641418,0,0.23628440499305725,-0.5820764303207397,0.778037965297699,0,-1.1823999881744385,3.3364999294281006,0.1005999967455864,1
B16,mixamorig_LeftHandIndex2,15,0.9997428059577942,-0.00697215273976326,0.021570924669504166,0,-0.018665973097085953,0.2867582142353058,0.9578025341033936,0,-0.012861914932727814,-0.957958996295929,0.286554217338562,0,0.016499999910593033,1.4104000329971313,0,1
B17,mixamorig_LeftHandIndex3,16,0.9998109936714172,0.019450999796390533,-0.0003169999981764704,0,-0.019450999796390533,0.9998109936714172,9.999999974752427e-7,0,0.0003169999981764704,0.000004999999873689376,1,0,-0.020400000736117363,1.2841999530792236,0,1
B18,mixamorig_LeftHandIndex4,17,1,0,0,0,0,1,0,0,0,0,1,0,0.004000000189989805,1.12090003490448,0,1
B19,mixamorig_LeftHandRing1,10,0.9608516097068787,0.16616880893707275,0.22170063853263855,0,-0.2731581926345825,0.4342610538005829,0.858364462852478,0,0.04635603353381157,-0.8853210210800171,0.4626505672931671,0,0.5911999940872192,3.452399969100952,-0.022600000724196434,1
B20,mixamorig_LeftHandRing2,19,0.9683167934417725,-0.10914362967014313,-0.22460971772670746,0,0.21045143902301788,-0.12753133475780487,0.9692318439483643,0,-0.13443472981452942,-0.9857927560806274,-0.1005207821726799,0,0.032099999487400055,1.142199993133545,0,1
B21,mixamorig_LeftHandRing3,20,0.972773015499115,0.23175999522209167,0.0001009736442938447,0,-0.23175999522209167,0.972773015499115,-0.000012000000424450263,0,-0.0001009736442938447,-0.000012000000424450263,1,0,-0.13259999454021454,1.1205999851226807,0,1
B22,mixamorig_LeftHandRing4,21,1,0,0,0,0,1,0,0,0,0,1,0,0.10050000250339508,0.8616999983787537,0,1
B23,mixamorig_RightShoulder,3,0.011651862412691116,-0.04866249859333038,-0.9987446665763855,0,0.8287129998207092,-0.5584532022476196,0.0368785634636879,0,-0.5595477223396301,-0.8281071782112122,0.03382177650928497,0,2.1875,3.059999942779541,0.10180000215768814,1
B24,mixamorig_RightArm,23,-0.816757321357727,-0.5295330882072449,-0.22909951210021973,0,-0.5512860417366028,0.5990676879882812,0.5806896090507507,0,-0.17024922370910645,0.6005809903144836,-0.7812163829803467,0,0,4.661499977111816,0,1
B25,mixamorig_RightForeArm,24,0.8481014966964722,0.4112440049648285,0.33404678106307983,0,-0.363240510225296,0.9103035926818848,-0.1984606832265854,0,-0.3857126235961914,0.04697888344526291,0.9214192628860474,0,0,6.499599933624268,0,1
B26,mixamorig_RightHand,25,-0.8641178011894226,0.43178993463516235,-0.25851139426231384,0,0.41782110929489136,0.9018686413764954,0.10974171757698059,0,0.28052768111228943,-0.013195809908211231,-0.9597474932670593,0,0,6.694699764251709,0,1
B27,mixamorig_RightHandThumb1,26,0.7883806824684143,-0.5547762513160706,-0.2658489942550659,0,0.6073938012123108,0.6334004402160645,0.4794475734233856,0,-0.09760065376758575,-0.5394629240036011,0.8363316059112549,0,0.9764000177383423,1.4240000247955322,0.8026999831199646,1
B28,mixamorig_RightHandThumb2,27,0.9093153476715088,0.1652451902627945,0.38182738423347473,0,-0.22888004779815674,0.965076744556427,0.12742500007152557,0,-0.34743961691856384,-0.20325015485286713,0.9153854846954346,0,0.14669999480247498,1.5161999464035034,0,1
B29,mixamorig_RightHandThumb3,28,0.9999759793281555,0.006845999974757433,-0.0004970000009052455,0,-0.006845999974757433,0.9999769926071167,-0.00002300000051036477,0,0.0004970000009052455,0.00002700000004551839,1,0,-0.08240000158548355,1.5214999914169312,0,1
B30,mixamorig_RightHandThumb4,29,1,0,0,0,0,1,0,0,0,0,1,0,-0.06430000066757202,1.3595999479293823,0,1
B31,mixamorig_RightHandIndex1,26,0.9644472599029541,-0.26298874616622925,-0.026053713634610176,0,0.22259730100631714,0.7552437782287598,0.6164612174034119,0,-0.142442524433136,-0.6003441214561462,0.7869330048561096,0,1.1470999717712402,3.328200101852417,0.1080000028014183,1
B32,mixamorig_RightHandIndex2,31,0.9979348182678223,0.06062432378530502,-0.021219881251454353,0,-0.009095790795981884,0.4604213833808899,0.8876503705978394,0,0.06358320266008377,-0.8856238722801208,0.46002188324928284,0,-0.011900000274181366,1.364400029182434,0,1
B33,mixamorig_RightHandIndex3,32,0.9997900128364563,-0.020510999485850334,0.00021800000104121864,0,0.020510999485850334,0.9997900128364563,9.999999974752427e-7,0,-0.00021800000104121864,0.000003000000106112566,1,0,0.018699999898672104,1.2892999649047852,0,1
B34,mixamorig_RightHandIndex4,33,1,0,0,0,0,1,0,0,0,0,1,0,-0.0066999997943639755,1.114799976348877,0,1
B35,mixamorig_RightHandRing1,26,0.9527464509010315,-0.27574101090431213,-0.12744270265102386,0,0.28207582235336304,0.6473968029022217,0.7080255150794983,0,-0.11272513121366501,-0.710516631603241,0.6945841312408447,0,-0.5734999775886536,3.4339001178741455,-0.03180000185966492,1
B36,mixamorig_RightHandRing2,35,0.9723135828971863,0.13706707954406738,0.18925458192825317,0,-0.2173662632703781,0.23323997855186462,0.9478036165237427,0,0.08577321469783783,-0.9627005457878113,0.2565768361091614,0,-0.04910000041127205,1.2206000089645386,0,1
B37,mixamorig_RightHandRing3,36,0.9828410148620605,-0.1844410002231598,-0.002320999978110194,0,0.1844410002231598,0.9828439950942993,-0.00018600000475998968,0,0.002314999932423234,-0.00024500000290572643,0.9999970197677612,0,0.11999999731779099,1.1328999996185303,0,1
B38,mixamorig_RightHandRing4,37,1,0,0,0,0,1,0,0,0,0,1,0,-0.07100000232458115,0.8859000205993652,0,1
B39,mixamorig_LeftUpLeg,0,-0.9769974946975708,0.1514424830675125,0.15010544657707214,0,0.14125192165374756,-0.06743155419826508,0.9875993728637695,0,0.1596640944480896,0.9860913157463074,0.04449668154120445,0,2.337599992752075,-0.4237000048160553,1.4545999765396118,1
B40,mixamorig_LeftLeg,39,0.9888362288475037,-0.07473330944776535,-0.1277918517589569,0,-0.07294327765703201,0.5034050941467285,-0.8607862591743469,0,0.12876711785793304,0.8605823516845703,0.4922516942024231,0,0,8.004199981689453,0,1
B41,mixamorig_LeftFoot,40,0.9778957366943359,0.14603155851364136,0.14948493242263794,0,-0.19580844044685364,0.38960951566696167,0.8990944623947144,0,0.07325543463230133,-0.9084955453872681,0.40960967540740967,0,0,7.241000175476074,0,1
B42,mixamorig_LeftToeBase,41,0.931555986404419,-0.1949707418680191,0.30648183822631836,0,-0.2809443473815918,0.14954406023025513,0.9475536942481995,0,-0.23051850497722626,-0.9688231945037842,0.08452155441045761,0,0,5.1631999015808105,0,1
B43,mixamorig_LeftToe_End,42,1,0,0,0,0,1,0,0,0,0,1,0,0,1.9372999668121338,0,1
B44,mixamorig_RightUpLeg,0,-0.9957102537155151,-0.08949831128120422,0.023121844977140427,0,-0.038995325565338135,0.633612871170044,0.7725649476051331,0,-0.08375006169080734,0.7683665156364441,-0.6343914866447449,0,-2.337599992752075,-0.45890000462532043,1.4545999765396118,1
B45,mixamorig_RightLeg,44,0.9995664954185486,0.028671281412243843,-0.0062246969901025295,0,-0.027768483385443687,0.8556525111198425,-0.516771674156189,0,-0.009479135274887085,0.5167207717895508,0.8560829758644104,0,0,8.002300262451172,0,1
B46,mixamorig_RightFoot,45,0.9816904664039612,-0.14072376489639282,-0.12830424308776855,0,0.1836080104112625,0.5200631618499756,0.8340911269187927,0,-0.05063707008957863,-0.842377245426178,0.5363813638687134,0,0,7.23829984664917,0,1
B47,mixamorig_RightToeBase,46,0.9931795001029968,0.00030843776767142117,-0.11648157238960266,0,0.06142006441950798,0.848599374294281,0.5250200629234314,0,0.098997563123703,-0.528595507144928,0.8427928686141968,0,0,5.134099960327148,0,1
B48,mixamorig_RightToe_End,47,1,0,0,0,0,1,0,0,0,0,1,0,0,1.909600019454956,0,1
@40,0,1,2,3,4,5,7,8,9,10,11,12,13,15,16,17,19,20,21,23,24,25,26,27,28,29,31,32,33,35,36,37,39,40,41,42,44,45,46,47
K0.000,0.9985730051994324,-0.024677999317646027,-0.04736100137233734,0,0.04693000018596649,-0.017751000821590424,0.998740017414093,0,-0.02548700012266636,-0.999538004398346,-0.016567999497056007,0,0.02960200048983097,18.725109100341797,0.39653900265693665,1,-0.9999750256538391,0.006161999888718128,0.003324999939650297,0,-0.003955999854952097,-0.10533499717712402,-0.9944289922714233,0,-0.005776999983936548,-0.9944180250167847,0.10535699874162674,0,0,-0.28630000352859497,-2.617500066757202,1,0.9998890161514282,-0.010009000077843666,-0.011002999730408192,0,0.009934999980032444,0.9999269843101501,-0.0068259998224675655,0,0.011070000007748604,0.0067159999161958694,0.9999160170555115,0,0,3.072000026702881,0,1,0.9998890161514282,-0.010009000077843666,-0.011002999730408192,0,0.009934999980032444,0.9999269843101501,-0.0068259998224675655,0,0.011070000007748604,0.0067159999161958694,0.9999160170555115,0,0,3.5107998847961426,0,1,-0.9997460246086121,-0.02182300016283989,-0.005619000177830458,0,0.007958999834954739,-0.10864599794149399,-0.9940490126609802,0,0.02108299918472767,-0.9938409924507141,0.10879199951887131,0,0,3.949700117111206,0,1,0.9980499744415283,0.054322000592947006,-0.030729999765753746,0,-0.05281699821352959,0.9974579811096191,0.04782399907708168,0,0.033250000327825546,-0.04610700160264969,0.9983829855918884,0,0,0.6370999813079834,-1.2687000036239624,1,-0.19801199436187744,0.014344999566674232,0.9800950288772583,0,-0.8340060114860535,-0.5278130173683167,-0.16077199578285217,0,0.5150009989738464,-0.8492389917373657,0.11647699773311615,0,-2.1875,3.059000015258789,0.09290000051259995,1,-0.978430986404419,0.16737499833106995,-0.12107200175523758,0,0.06137000024318695,0.7951539754867554,0.6032940149307251,0,0.1972469985485077,0.582850992679596,-0.7882750034332275,0,0,4.661499977111816,0,1,0.8248720169067383,-0.5122770071029663,-0.23907700181007385,0,0.43503299355506897,0.8452799916267395,-0.3102389872074127,0,0.3610149919986725,0.1519010066986084,0.9201059937477112,0,0,6.496200084686279,0,1,-0.9328500032424927,-0.15598799288272858,0.32474398612976074,0,-0.05720299854874611,0.9541000127792358,0.29397401213645935,0,-0.3556950092315674,0.25565698742866516,-0.8989549875259399,0,0,6.7027997970581055,0,1,0.8658400177955627,0.4589900076389313,0.19912199676036835,0,-0.4800040125846863,0.6497949957847595,0.5893740057945251,0,0.14112800359725952,-0.605883002281189,0.7829359769821167,0,-0.9193999767303467,1.381500005722046,0.7444000244140625,1,0.9999780058860779,0.003014999907463789,0.00583899999037385,0,-0.0027779999654740095,0.9991919994354248,-0.040098000317811966,0,-0.005954999942332506,0.040081001818180084,0.9991790056228638,0,-0.1462000012397766,1.44760000705719,0,1,0.9989330172538757,0.046094998717308044,0.002807999961078167,0,-0.046094998717308044,0.9989370107650757,-0.00020300000323913991,0,-0.002814000006765127,0.00007400000322377309,0.9999960064888,0,0.04190000146627426,1.5989999771118164,0,1,0.9309539794921875,0.36479800939559937,0.015751000493764877,0,-0.2688809931278229,0.6557170152664185,0.7055060267448425,0,0.24703900516033173,-0.6610280275344849,0.708528995513916,0,-1.1823999881744385,3.3364999294281006,0.1005999967455864,1,0.9995390176773071,-0.0025530001148581505,0.030256999656558037,0,-0.029642000794410706,0.13396599888801575,0.9905419945716858,0,-0.0065819998271763325,-0.9909830093383789,0.1338289976119995,0,0.016499999910593033,1.4104000329971313,0,1,0.9998109936714172,0.019450999796390533,-0.0003169999981764704,0,-0.019450999796390533,0.9998109936714172,0,0,0.0003169999981764704,0.000004999999873689376,1,0,-0.020400000736117363,1.2841999530792236,0,1,0.9659019708633423,0.13552799820899963,0.22060300409793854,0,-0.25483399629592896,0.3470819890499115,0.9025490283966064,0,0.045754000544548035,-0.9279900193214417,0.36978399753570557,0,0.5911999940872192,3.452399969100952,-0.022600000724196434,1,0.9673050045967102,-0.08769199997186661,-0.23797400295734406,0,0.20535500347614288,-0.2798269987106323,0.9378299713134766,0,-0.14883199334144592,-0.9560369849205017,-0.2526699900627136,0,0.032099999487400055,1.142199993133545,0,1,0.972773015499115,0.23175999522209167,0.00009999999747378752,0,-0.23175999522209167,0.972773015499115,-0.000012000000424450263,0,-0.00009999999747378752,-0.000012000000424450263,1,0,-0.13259999454021454,1.1205999851226807,0,1,-0.06560999900102615,-0.03337499871850014,-0.9972869753837585,0,0.8468980193138123,-0.5303990244865417,-0.03796600177884102,0,-0.527692973613739,-0.847091019153595,0.06306499987840652,0,2.1875,3.059999942779541,0.10180000215768814,1,-0.9057160019874573,-0.41619300842285156,0.08038099855184555,0,-0.273593008518219,0.7188220024108887,0.6390950083732605,0,-0.3237670063972473,0.5568469762802124,-0.7649160027503967,0,0,4.661499977111816,0,1,0.9077000021934509,0.3844810128211975,0.1680929958820343,0,-0.3179660141468048,0.8916109800338745,-0.3223789930343628,0,-0.27382200956344604,0.23917600512504578,0.9315670132637024,0,0,6.499599933624268,0,1,-0.8761910200119019,0.2558180093765259,-0.40846899151802063,0,0.1627040058374405,0.9547550082206726,0.24893799424171448,0,0.45367100834846497,0.15165700018405914,-0.8781700134277344,0,0,6.694699764251709,0,1,0.8313999772071838,-0.5120319724082947,-0.21586400270462036,0,0.5528680086135864,0.7232329845428467,0.41385000944137573,0,-0.05578500032424927,-0.46341899037361145,0.8843809962272644,0,0.9764000177383423,1.4240000247955322,0.8026999831199646,1,0.916513979434967,0.11611200124025345,0.382779985666275,0,-0.1732179969549179,0.977770984172821,0.11815100163221359,0,-0.36055299639701843,-0.17459100484848022,0.9162529706954956,0,0.14669999480247498,1.5161999464035034,0,1,0.9999759793281555,0.006845999974757433,-0.0004970000009052455,0,-0.006845999974757433,0.9999769926071167,-0.000024000000848900527,0,0.0004970000009052455,0.00002700000004551839,1,0,-0.08240000158548355,1.5214999914169312,0,1,0.9640269875526428,-0.26435500383377075,-0.027708999812602997,0,0.21628199517726898,0.7195490002632141,0.6599029898643494,0,-0.1545100063085556,-0.6421570181846619,0.7508400082588196,0,1.1470999717712402,3.328200101852417,0.1080000028014183,1,0.9979959726333618,0.05906999856233597,-0.022693999111652374,0,-0.0020570000633597374,0.38872599601745605,0.9213510155677795,0,0.0632459968328476,-0.9194579720497131,0.38806799054145813,0,-0.011900000274181366,1.364400029182434,0,1,0.9997900128364563,-0.020510999485850334,0.00021800000104121864,0,0.020510999485850334,0.9997900128364563,0,0,-0.00021800000104121864,0.000003000000106112566,1,0,0.018699999898672104,1.2892999649047852,0,1,0.9544020295143127,-0.27038300037384033,-0.12652599811553955,0,0.2680090069770813,0.5894050002098083,0.7620850205421448,0,-0.13147999346256256,-0.7612460255622864,0.6349949836730957,0,-0.5734999775886536,3.4339001178741455,-0.03180000185966492,1,0.9711710214614868,0.12910999357700348,0.20039400458335876,0,-0.2182530015707016,0.14347100257873535,0.965287983417511,0,0.09587699919939041,-0.9811969995498657,0.16751299798488617,0,-0.04910000041127205,1.2206000089645386,0,1,0.9828410148620605,-0.1844400018453598,-0.002320999978110194,0,0.1844400018453598,0.9828439950942993,-0.00018600000475998968,0,0.002314999932423234,-0.00024500000290572643,0.9999970197677612,0,0.11999999731779099,1.1328999996185303,0,1,-0.9870359897613525,0.14256100356578827,0.07373800128698349,0,0.1264290064573288,0.40755701065063477,0.904384970664978,0,0.09887699782848358,0.9019830226898193,-0.4202969968318939,0,2.337599992752075,-0.4237000048160553,1.4545999765396118,1,0.9994170069694519,-0.034095000475645065,-0.0015660000499337912,0,0.01145699992775917,0.3783630132675171,-0.9255859851837158,0,0.03215000033378601,0.9250289797782898,0.3785330057144165,0,0,8.004199981689453,0,1,0.9840360283851624,0.08333300054073334,0.1572519987821579,0,-0.1770090013742447,0.36668500304222107,0.9133509993553162,0,0.018449999392032623,-0.9266049861907959,0.3755820095539093,0,0,7.241000175476074,0,1,0.9813039898872375,-0.09609699994325638,0.1667570024728775,0,-0.10823000222444534,0.4409349858760834,0.8909900188446045,0,-0.15915000438690186,-0.8923799991607666,0.42229101061820984,0,0,5.1631999015808105,0,1,-0.9883450269699097,-0.1364469975233078,0.06749500334262848,0,0.04060899838805199,0.19098900258541107,0.9807519912719727,0,-0.14671100676059723,0.9720619916915894,-0.1832219958305359,0,-2.337599992752075,-0.45890000462532043,1.4545999765396118,1,0.9895060062408447,0.06930399686098099,0.12679000198841095,0,-0.01654900051653385,0.9260519742965698,-0.37703201174736023,0,-0.143544003367424,0.3709770143032074,0.917481005191803,0,0,8.002300262451172,0,1,0.9702500104904175,-0.17147600650787354,-0.1709109991788864,0,0.21133500337600708,0.2554500102996826,0.9434419870376587,0,-0.1181190013885498,-0.9514939785003662,0.28408899903297424,0,0,7.23829984664917,0,1,0.9925580024719238,0.0015249999705702066,-0.1217620000243187,0,0.06654900312423706,0.830594003200531,0.5528879761695862,0,0.10197799652814865,-0.556876003742218,0.8243110179901123,0,0,5.134099960327148,0,1
K0.033,0.9993900060653687,-0.025118043646216393,-0.02424580417573452,0,0.023802803829312325,-0.017791977152228355,0.9995579719543457,0,-0.025539038702845573,-0.9995260238647461,-0.017182983458042145,0,-0.00023719857563264668,18.831998825073242,0.35524147748947144,1,-0.9999319911003113,0.011684047058224678,0.0003399848937988281,0,-0.0015649896813556552,-0.10499897599220276,-0.99447101354599,0,-0.011584049090743065,-0.9944040179252625,0.10500998049974442,0,0,-0.28630000352859497,-2.617500066757202,1,0.9997230172157288,-0.005306979175657034,-0.022916100919246674,0,0.005135977175086737,0.9999589920043945,-0.007506038527935743,0,0.02295510098338127,0.0073870387859642506,0.9997090101242065,0,0,3.072000026702881,0,1,0.9997230172157288,-0.005306979175657034,-0.022916100919246674,0,0.005135977175086737,0.9999589920043945,-0.007506038527935743,0,0.02295510098338127,0.0073870387859642506,0.9997090101242065,0,0,3.5107998847961426,0,1,-0.999908983707428,-0.009310834109783173,-0.009745060466229916,0,0.01077704131603241,-0.11805200576782227,-0.9929490089416504,0,0.008094828575849533,-0.9929640293121338,0.1181420087814331,0,0,3.949700117111206,0,1,0.9983130097389221,0.05239895358681679,-0.02499488554894924,0,-0.051369957625865936,0.997871994972229,0.040164969861507416,0,0.027045883238315582,-0.03881397843360901,0.9988800287246704,0,0,0.6370999813079834,-1.2687000036239624,1,-0.17869891226291656,0.019261019304394722,0.9837149977684021,0,-0.84579998254776,-0.5138139724731445,-0.14358490705490112,0,0.5026810169219971,-0.8576850295066833,0.1081099733710289,0,-2.1875,3.059000015258789,0.09290000051259995,1,-0.965556800365448,0.2456146478652954,-0.08586844801902771,0,0.1369018405675888,0.7602168321609497,0.6350820064544678,0,0.22126397490501404,0.6014519333839417,-0.7676570415496826,0,0,4.661499977111816,0,1,0.8401599526405334,-0.4907400906085968,-0.23088209331035614,0,0.42390209436416626,0.8597479462623596,-0.284851998090744,0,0.3382880985736847,0.1414499282836914,0.9303510189056396,0,0,6.496200084686279,0,1,-0.9205970764160156,-0.14295904338359833,0.363404780626297,0,-0.038690101355314255,0.9593939781188965,0.2794019877910614,0,-0.38859182596206665,0.24315598607063293,-0.8887470364570618,0,0,6.7027997970581055,0,1,0.8658400177955627,0.4589900076389313,0.19912199676036835,0,-0.4800040125846863,0.6497949957847595,0.5893740057945251,0,0.14112800359725952,-0.605883002281189,0.7829359769821167,0,-0.9193999767303467,1.381500005722046,0.7444000244140625,1,0.9999780058860779,0.003014999907463789,0.00583899999037385,0,-0.0027779999654740095,0.9991919994354248,-0.040098998695611954,0,-0.005954999942332506,0.04008200019598007,0.9991790056228638,0,-0.1462000012397766,1.44760000705719,0,1,0.9989330172538757,0.046094998717308044,0.002807999961078167,0,-0.046094998717308044,0.9989370107650757,-0.00020300000323913991,0,-0.002814000006765127,0.00007400000322377309,0.9999960064888,0,0.04190000146627426,1.5989999771118164,0,1,0.9294639825820923,0.36857402324676514,0.01580299809575081,0,-0.27815908193588257,0.6720301508903503,0.6862967610359192,0,0.24233093857765198,-0.6422837376594543,0.7271502614021301,0,-1.1823999881744385,3.3364999294281006,0.1005999967455864,1,0.9996209740638733,-0.0038940166123211384,0.027244968339800835,0,-0.026043958961963654,0.1861705631017685,0.982171893119812,0,-0.008896023035049438,-0.9825098514556885,0.1859985589981079,0,0.016499999910593033,1.4104000329971313,0,1,0.9998109936714172,0.019450999796390533,-0.0003169999981764704,0,-0.019450999796390533,0.9998109936714172,0,0,0.0003169999981764704,0.000004999999873689376,1,0,-0.020400000736117363,1.2841999530792236,0,1,0.9648169875144958,0.1407090574502945,0.22210201621055603,0,-0.259346067905426,0.37046927213668823,0.8919038772583008,0,0.04321696236729622,-0.9181248545646667,0.39392727613449097,0,0.5911999940872192,3.452399969100952,-0.022600000724196434,1,0.9676110148429871,-0.09515108168125153,-0.23382695019245148,0,0.2073270082473755,-0.22893042862415314,0.9511080980300903,0,-0.1440289467573166,-0.9687811136245728,-0.20178844034671783,0,0.032099999487400055,1.142199993133545,0,1,0.972773015499115,0.23176099359989166,0.00010000000474974513,0,-0.23176099359989166,0.972773015499115,-0.000012000000424450263,0,-0.00010000000474974513,-0.000012000000424450263,1,0,-0.13259999454021454,1.1205999851226807,0,1,-0.08008410036563873,-0.030853988602757454,-0.9963110089302063,0,0.8521851301193237,-0.5206118226051331,-0.052376098930835724,0,-0.5170748233795166,-0.8532361388206482,0.06798602640628815,0,2.1875,3.059999942779541,0.10180000215768814,1,-0.887343168258667,-0.44074746966362,0.13550953567028046,0,-0.2593112289905548,0.7199792265892029,0.6437299847602844,0,-0.381286084651947,0.5360701084136963,-0.7531598806381226,0,0,4.661499977111816,0,1,0.8448846340179443,0.5271096229553223,0.09124359488487244,0,-0.4594256281852722,0.8023484349250793,-0.381004273891449,0,-0.2740400433540344,0.2799852192401886,0.9200599193572998,0,0,6.499599933624268,0,1,-0.8211027383804321,0.3585846722126007,-0.44407978653907776,0,0.2566806674003601,0.9268897175788879,0.2738422751426697,0,0.5098090171813965,0.11086593568325043,-0.8531140089035034,0,0,6.694699764251709,0,1,0.8271929621696472,-0.517551064491272,-0.21884304285049438,0,0.5581040382385254,0.7114129066467285,0.4270971417427063,0,-0.06535612046718597,-0.47542911767959595,0.8773229122161865,0,0.9764000177383423,1.4240000247955322,0.8026999831199646,1,0.922950029373169,0.11235488951206207,0.36815696954727173,0,-0.16539186239242554,0.9794139862060547,0.1157279759645462,0,-0.34757596254348755,-0.16770192980766296,0.9225329756736755,0,0.14669999480247498,1.5161999464035034,0,1,0.9999759793281555,0.006845999974757433,-0.0004970000009052455,0,-0.006845999974757433,0.9999769926071167,-0.000024000000848900527,0,0.0004970000009052455,0.00002700000004551839,1,0,-0.08240000158548355,1.5214999914169312,0,1,0.9643660187721252,-0.2631070017814636,-0.027807001024484634,0,0.2104259580373764,0.699042797088623,0.6834181547164917,0,-0.16037404537200928,-0.6649161577224731,0.7294978499412537,0,1.1470999717712402,3.328200101852417,0.1080000028014183,1,0.9980120062828064,0.05873999744653702,-0.022818002849817276,0,-0.0005639829905703664,0.3704098165035248,0.9288680553436279,0,0.06301400065422058,-0.9270090460777283,0.36970680952072144,0,-0.011900000274181366,1.364400029182434,0,1,0.9997900128364563,-0.020510999485850334,0.00021800000104121864,0,0.020510999485850334,0.9997900128364563,0,0,-0.00021800000104121864,0.000003000000106112566,1,0,0.018699999898672104,1.2892999649047852,0,1,0.9546549916267395,-0.2694930136203766,-0.1265210062265396,0,0.2644669711589813,0.5724968314170837,0.7760831117630005,0,-0.13671603798866272,-0.7743521332740784,0.6178088188171387,0,-0.5734999775886536,3.4339001178741455,-0.03180000185966492,1,0.9709489941596985,0.1270579844713211,0.2027660310268402,0,-0.21823500096797943,0.12266679108142853,0.9681559801101685,0,0.09813902527093887,-0.9842810034751892,0.14683079719543457,0,-0.04910000041127205,1.2206000089645386,0,1,0.9828410148620605,-0.1844410002231598,-0.002320999978110194,0,0.1844410002231598,0.9828439950942993,-0.00018600000475998968,0,0.002314999932423234,-0.00024500000290572643,0.9999970197677612,0,0.11999999731779099,1.1328999996185303,0,1,-0.9882509708404541,0.14114388823509216,0.05864393711090088,0,0.11905591934919357,0.47026339173316956,0.8744587898254395,0,0.09584687650203705,0.8711658120155334,-0.48154234886169434,0,2.337599992752075,-0.4237000048160553,1.4545999765396118,1,0.999521017074585,-0.010917780920863152,0.028966354206204414,0,0.030598124489188194,0.49041739106178284,-0.8709500432014465,0,-0.004696444142609835,0.8714190721511841,0.49051639437675476,0,0,8.004199981689453,0,1,0.9830290079116821,0.08771110326051712,0.16112403571605682,0,-0.18130506575107574,0.3305867314338684,0.9261970520019531,0,0.027972141280770302,-0.9396910667419434,0.3408787250518799,0,0,7.241000175476074,0,1,0.9860679507255554,-0.04671938344836235,0.15964633226394653,0,-0.0898813009262085,0.6579287052154541,0.7476969957351685,0,-0.1399681121110916,-0.7516290545463562,0.6445627212524414,0,0,5.1631999015808105,0,1,-0.9865059852600098,-0.15121114253997803,0.06277590990066528,0,0.04514501243829727,0.11733632534742355,0.9920660853385925,0,-0.15737810730934143,0.9815130829811096,-0.10892631858587265,0,-2.337599992752075,-0.45890000462532043,1.4545999765396118,1,0.9870209693908691,0.07393112778663635,0.14256514608860016,0,-0.017094051465392113,0.9310550093650818,-0.36447805166244507,0,-0.15968219935894012,0.357310026884079,0.920233964920044,0,0,8.002300262451172,0,1,0.9696230292320251,-0.17283301055431366,-0.17308904230594635,0,0.210223987698555,0.2270645648241043,0.9509190917015076,0,-0.12504810094833374,-0.9584210515022278,0.25650057196617126,0,0,7.23829984664917,0,1,0.9926949739456177,0.00045598828000947833,-0.120651014149189,0,0.06734402477741241,0.827629029750824,0.557220995426178,0,0.10010800510644913,-0.5612750053405762,0.8215529918670654,0,0,5.134099960327148,0,1
K0.067,0.9995549917221069,-0.029464956372976303,-0.004748193547129631,0,0.004289193544536829,-0.015602021478116512,0.9998689889907837,0,-0.02953496016561985,-0.9994440078735352,-0.015469016507267952,0,-0.020082803443074226,18.819040298461914,0.30311450362205505,1,-0.9998639822006226,0.016460953280329704,-0.00117098493501544,0,-0.0005330102285370231,-0.10308802127838135,-0.9946720004081726,0,-0.01649395190179348,-0.9945359826087952,0.10308302193880081,0,0,-0.28630000352859497,-2.617500066757202,1,0.9994500279426575,-0.003220020793378353,-0.0330079011619091,0,0.002847022842615843,0.9999319911003113,-0.011345962062478065,0,0.03304290026426315,0.011245962232351303,0.9993910193443298,0,0,3.072000026702881,0,1,0.9994500279426575,-0.003220020793378353,-0.0330079011619091,0,0.002847022842615843,0.9999319911003113,-0.011345962062478065,0,0.03304290026426315,0.011245962232351303,0.9993910193443298,0,0,3.5107998847961426,0,1,-0.9998480081558228,0.0072298357263207436,-0.015835938975214958,0,0.014862959273159504,-0.11910299211740494,-0.9927710294723511,0,-0.00906382966786623,-0.9928560256958008,0.11897699534893036,0,0,3.949700117111206,0,1,0.9987639784812927,0.047802045941352844,-0.013615112751722336,0,-0.047267042100429535,0.9981909990310669,0.03716602921485901,0,0.015367116779088974,-0.036476023495197296,0.9992160201072693,0,0,0.6370999813079834,-1.2687000036239624,1,-0.16927309334278107,0.021158982068300247,0.9853420257568359,0,-0.8465880155563354,-0.5150070190429688,-0.13437709212303162,0,0.504613995552063,-0.8569250106811523,0.10509002953767776,0,-2.1875,3.059000015258789,0.09290000051259995,1,-0.95057612657547,0.30898937582969666,-0.030508549883961678,0,0.2204451709985733,0.7408241629600525,0.6344950199127197,0,0.21865403652191162,0.5964100360870361,-0.7723249197006226,0,0,4.661499977111816,0,1,0.8317070603370667,-0.5005928874015808,-0.24014590680599213,0,0.4323229193687439,0.8552920818328857,-0.2856079936027527,0,0.34836891293525696,0.13372208178043365,0.9277700185775757,0,0,6.496200084686279,0,1,-0.9276759624481201,-0.1468929499387741,0.3432781994342804,0,-0.04866990074515343,0.9590910077095032,0.2788810133934021,0,-0.3702011704444885,0.24200402200222015,-0.8968749642372131,0,0,6.7027997970581055,0,1,0.8658400177955627,0.4589900076389313,0.19912199676036835,0,-0.4800040125846863,0.6497949957847595,0.5893740057945251,0,0.14112800359725952,-0.605883002281189,0.7829359769821167,0,-0.9193999767303467,1.381500005722046,0.7444000244140625,1,0.9999780058860779,0.003014999907463789,0.00583899999037385,0,-0.0027779999654740095,0.9991919994354248,-0.040098000317811966,0,-0.005954999942332506,0.040081001818180084,0.9991790056228638,0,-0.1462000012397766,1.44760000705719,0,1,0.9989330172538757,0.046094998717308044,0.002807999961078167,0,-0.046094998717308044,0.9989370107650757,-0.00020300000323913991,0,-0.002814000006765127,0.00007400000322377309,0.9999960064888,0,0.04190000146627426,1.5989999771118164,0,1,0.9279450178146362,0.3723899722099304,0.015585001558065414,0,-0.2882329225540161,0.690470814704895,0.6634552478790283,0,0.23630306124687195,-0.6201422214508057,0.7480538487434387,0,-1.1823999881744385,3.3364999294281006,0.1005999967455864,1,0.9996960163116455,-0.00554498378187418,0.024027030915021896,0,-0.021961040794849396,0.24284543097019196,0.9698161482810974,0,-0.011212976649403572,-0.9700491428375244,0.24264943599700928,0,0.016499999910593033,1.4104000329971313,0,1,0.9998109936714172,0.01945200003683567,-0.0003169999981764704,0,-0.01945200003683567,0.9998109936714172,0,0,0.0003169999981764704,0.000004999999873689376,1,0,-0.020400000736117363,1.2841999530792236,0,1,0.963608980178833,0.14629493653774261,0.22373297810554504,0,-0.26435694098472595,0.3972947299480438,0.8787901401519775,0,0.03967403247952461,-0.9059551358222961,0.4215107262134552,0,0.5911999940872192,3.452399969100952,-0.022600000724196434,1,0.9679819941520691,-0.1031409204006195,-0.22884903848171234,0,0.20920199155807495,-0.17235857248306274,0.9625628590583801,0,-0.13872405886650085,-0.9796198606491089,-0.14526356756687164,0,0.032099999487400055,1.142199993133545,0,1,0.972773015499115,0.23175999522209167,0.00010099999053636566,0,-0.23175999522209167,0.972773015499115,-0.000012000000424450263,0,-0.00010099999053636566,-0.000012000000424450263,1,0,-0.13259999454021454,1.1205999851226807,0,1,-0.08950590342283249,-0.02978801168501377,-0.995540976524353,0,0.8615098595619202,-0.5038941502571106,-0.0623788982629776,0,-0.49978917837142944,-0.8632508516311646,0.0707639679312706,0,2.1875,3.059999942779541,0.10180000215768814,1,-0.9028708338737488,-0.38636353611946106,0.1885414719581604,0,-0.1823897659778595,0.7413747906684875,0.6458309888839722,0,-0.38930490612983704,0.5487138628959656,-0.7398341298103333,0,0,4.661499977111816,0,1,0.807128369808197,0.5881543755531311,0.051171399652957916,0,-0.5210304260253906,0.7503995299339294,-0.40672972798347473,0,-0.27761897444725037,0.3016207814216614,0.9121140837669373,0,0,6.499599933624268,0,1,-0.7988702654838562,0.42815330624580383,-0.4224822223186493,0,0.32210734486579895,0.8976892828941345,0.30066874623298645,0,0.5079900026321411,0.10411006957292557,-0.8550480008125305,0,0,6.694699764251709,0,1,0.8211000561714172,-0.5255759358406067,-0.22262994945049286,0,0.5655699372291565,0.6965601444244385,0.4415138363838196,0,-0.07697388529777527,-0.4884398877620697,0.8691960573196411,0,0.9764000177383423,1.4240000247955322,0.8026999831199646,1,0.9257959723472595,0.10140511393547058,0.36417004466056824,0,-0.15210413932800293,0.9818519949913025,0.11327601969242096,0,-0.34607401490211487,-0.1602620780467987,0.9244179725646973,0,0.14669999480247498,1.5161999464035034,0,1,0.9999759793281555,0.006845999974757433,-0.0004970000009052455,0,-0.006845999974757433,0.9999769926071167,-0.000024000000848900527,0,0.0004970000009052455,0.00002700000004551839,1,0,-0.08240000158548355,1.5214999914169312,0,1,0.9644690155982971,-0.2627129852771759,-0.027965998277068138,0,0.2064160406589508,0.6832301616668701,0.7004207968711853,0,-0.1649029552936554,-0.6813058257102966,0.7131821513175964,0,1.1470999717712402,3.328200101852417,0.1080000028014183,1,0.9980300068855286,0.05830800533294678,-0.02314099669456482,0,0.001134983147494495,0.35204017162323,0.9359839558601379,0,0.06272199749946594,-0.9341669678688049,0.35128018260002136,0,-0.011900000274181366,1.364400029182434,0,1,0.9997900128364563,-0.020510999485850334,0.00021800000104121864,0,0.020510999485850334,0.9997900128364563,0,0,-0.00021800000104121864,0.000003000000106112566,1,0,0.018699999898672104,1.2892999649047852,0,1,0.9549700021743774,-0.26859399676322937,-0.12605099380016327,0,0.2607380151748657,0.5569741725921631,0.7885398864746094,0,-0.14158995449543,-0.7858988642692566,0.6019271612167358,0,-0.5734999775886536,3.4339001178741455,-0.03180000185966492,1,0.9707310199737549,0.1249920204281807,0.20507897436618805,0,-0.218190997838974,0.10213419795036316,0.9705470204353333,0,0.10036497563123703,-0.9868869781494141,0.12641720473766327,0,-0.04910000041127205,1.2206000089645386,0,1,0.9828410148620605,-0.1844410002231598,-0.002320999978110194,0,0.1844410002231598,0.9828439950942993,-0.00018600000475998968,0,0.002314999932423234,-0.00024500000290572643,0.9999970197677612,0,0.11999999731779099,1.1328999996185303,0,1,-0.9903259873390198,0.1284911185503006,0.05238606408238411,0,0.11121107637882233,0.5091866254806519,0.8534402251243591,0,0.08298512548208237,0.8510102033615112,-0.5185506343841553,0,2.337599992752075,-0.4237000048160553,1.4545999765396118,1,0.9978669881820679,0.010948782786726952,0.06435664743185043,0,0.04302987828850746,0.6310566067695618,-0.7745429277420044,0,-0.04909355938434601,0.77565997838974,0.6292386054992676,0,0,8.004199981689453,0,1,0.9815210103988647,0.09820889681577682,0.16422997415065765,0,-0.18667194247245789,0.3027322590351105,0.934615969657898,0,0.04206985980272293,-0.9480019211769104,0.31547123193740845,0,0,7.241000175476074,0,1,0.9811340570449829,0.014947387389838696,0.1927516758441925,0,-0.11953070014715195,0.8305092453956604,0.5440270304679871,0,-0.15194988250732422,-0.5568029284477234,0.8166272640228271,0,0,5.1631999015808105,0,1,-0.9846789836883545,-0.16586485505104065,0.05382508784532547,0,0.0461299903690815,0.04990367218852043,0.9976879358291626,0,-0.1681668907403946,0.9848849177360535,-0.0414876714348793,0,-2.337599992752075,-0.45890000462532043,1.4545999765396118,1,0.9837050437927246,0.08665187656879425,0.15753185749053955,0,-0.022349948063492775,0.9283350110054016,-0.3710729479789734,0,-0.1783958226442337,0.3615059554576874,0.9151440858840942,0,0,8.002300262451172,0,1,0.9684540033340454,-0.17472198605537415,-0.17767895758152008,0,0.20943301916122437,0.18430642783641815,0.9602958559989929,0,-0.13503789901733398,-0.9672139286994934,0.21508441865444183,0,0,7.23829984664917,0,1,0.9924920201301575,-0.000714988331310451,-0.12230398505926132,0,0.0694589763879776,0.8263689875602722,0.5588290095329285,0,0.10066898912191391,-0.5631290078163147,0.8202139735221863,0,0,5.134099960327148,0,1
