4.500,30,135,41
B0,mixamorig_Hips,-1,0.9383091926574707,-0.017788827419281006,-0.343902587890625,0,0.06400968879461288,0.9901774525642395,0.12346500158309937,0,0.3384174406528473,-0.13749006390571594,0.930476725101471,0,4.655361652374268,158.74337768554688,-16.81937599182129,1
B1,mixamorig_Spine,0,0.9999133944511414,-0.00037314678775146604,0.011185196228325367,0,0.0009926941711455584,0.9984225630760193,-0.056125786155462265,0,-0.011146563105285168,0.05613125115633011,0.9983363151550293,0,0,15.739898681640625,-0.603721022605896,1
B2,mixamorig_Spine1,1,0.9989957213401794,0.014788526110351086,0.03986191377043724,0,-0.013448295183479786,0.9993095993995667,-0.03403501957654953,0,-0.04034716263413429,0.03354562819004059,0.9985418915748596,0,0,18.37672233581543,0,1
B3,mixamorig_Spine2,2,0.998995840549469,0.014850915409624577,0.039796460419893265,0,-0.013513069599866867,0.9993086457252502,-0.034041520208120346,0,-0.040283478796482086,0.03355105221271515,0.9985422492027283,0,0,21.00197410583496,0,1
B4,mixamorig_Neck,3,0.999983012676239,-0.00537019781768322,-0.0017006867565214634,0,0.005324903875589371,0.9996594190597534,-0.02549337036907673,0,0.0018371744081377983,0.025484522804617882,0.9996733665466309,0,0,23.627208709716797,0,1
B5,mixamorig_Head,4,0.999237596988678,0.03841482102870941,0.004890604875981808,0,-0.03840712457895279,0.9992539286613464,-0.0034693065099418163,0,-0.005022854544222355,0.0032850904390215874,0.9999691843986511,0,0,16.79718017578125,2.068665027618408,1
B6,mixamorig_HeadTop_End,5,1,0,0,0,0,1,0,0,0,0,1,0,0,49.093017578125,6.046072959899902,1
B7,mixamorig_LeftShoulder,3,-0.1418202668428421,0.007290720473974943,-0.9898561835289001,0,0.8591875433921814,-0.49565520882606506,-0.12673702836036682,0,-0.4915487468242645,-0.8684622049331665,0.06405607610940933,0,8.724262237548828,20.032114028930664,-0.13136400282382965,1
B8,mixamorig_LeftArm,7,0.5105655789375305,0.6089274287223816,0.6054751873016357,0,-0.7773960828781128,0.6272510886192322,0.022202853113412857,0,-0.3654955327510834,-0.4822176396846771,0.7942513227462769,0,0,18.97006607055664,0,1
B9,mixamorig_LeftForeArm,8,0.4425487518310547,0.8942912817001343,0.022465137764811516,0,-0.8943420648574829,0.44172942638397217,0.033637162297964096,0,0.020304303616285324,-0.03497766703367233,0.9991786479949951,0,0,41.39856719970703,0,1
B10,mixamorig_LeftHand,9,0.7600859999656677,0.35636553168296814,-0.5422364473342896,0,-0.42521142959594727,0.9043626189231873,-0.00000774246291257441,0,0.49125945568084717,0.23035115003585815,0.8389171361923218,0,0,50.92203903198242,0,1
B11,mixamorig_LeftHandThumb1,10,0.9367179870605469,0.3198379874229431,-0.1423490047454834,0,-0.2842330038547516,0.932191014289856,0.22412560880184174,0,0.20438061654567719,-0.16948199272155762,0.9641079902648926,0,-6.465419769287109,4.1794562339782715,0,1
B12,mixamorig_LeftHandThumb2,11,0.9982320070266724,0.05937400087714195,-0.0025969999842345715,0,-0.059105001389980316,0.996379017829895,0.061115384101867676,0,0.006215999834239483,-0.060853999108076096,0.9981269836425781,0,-1.2832950353622437,6.0237507820129395,0,1
B13,mixamorig_LeftHandThumb3,12,0.980463981628418,0.1966949999332428,-0.001032999949529767,0,-0.1966180056333542,0.9799079895019531,-0.03348800167441368,0,-0.005574999842792749,0.03303699940443039,0.999439001083374,0,-0.052048999816179276,7.114596843719482,0,1
B14,mixamorig_LeftHandThumb4,13,1,0,0,0,0,1,0,0,0,0,1,0,1.3353450298309326,5.6471052169799805,0,1
B15,mixamorig_LeftHandIndex1,10,0.9996680021286011,0.02561499923467636,-0.002947000088170171,0,-0.02561499923467636,0.999671995639801,0.00007500000356230885,0,0.002948000095784664,4.9852301106656505e-12,0.9999960064888,0,0,6.805192947387695,0,1
B16,mixamorig_LeftHandIndex2,15,0.9977849721908569,-0.06644999980926514,0.003014999907463789,0,0.06644999980926514,0.9977899789810181,0.00012300001981202513,0,-0.0030169999226927757,0.00007699998968746513,0.9999949932098389,0,0.2715049982070923,10.595919609069824,0,1
B17,mixamorig_LeftHandIndex3,16,0.9984999895095825,0.054545383900403976,-0.004732000175863504,0,-0.05456100031733513,0.9985049962997437,-0.003237999975681305,0,0.004548000171780586,0.0034910000395029783,0.9999840259552002,0,-0.3518730103969574,8.602864265441895,0,1
B18,mixamorig_LeftHandIndex4,17,1,0,0,0,0,1,0,0,0,0,1,0,0.08036799728870392,5.7108049392700195,0,1
B19,mixamorig_RightShoulder,3,-0.20103725790977478,-0.00045196074643172324,0.9795811176300049,0,-0.879317045211792,-0.4406275749206543,-0.1806611716747284,0,0.43171170353889465,-0.8976858854293823,0.0881895050406456,0,-8.724262237548828,20.03261375427246,-0.14440399408340454,1
B20,mixamorig_RightArm,19,0.8083056211471558,-0.10557013005018234,0.5760802626609802,0,-0.16638128459453583,0.9001935124397278,0.39892417192459106,0,-0.5623878240585327,-0.42080560326576233,0.7110920548439026,0,0,18.97006607055664,0,1
B21,mixamorig_RightForeArm,20,0.4530351758003235,-0.8875504732131958,-0.02250394970178604,0,0.8876009583473206,0.45219504833221436,0.03415720537304878,0,-0.020389879122376442,-0.03544901683926582,0.9991578459739685,0,0,41.39778518676758,0,1
B22,mixamorig_RightHand,21,0.7129834294319153,-0.6263645887374878,0.30785953998565674,0,0.6888550519943237,0.7005967497825623,-0.16504257917404175,0,-0.1090058758854866,0.3298252820968628,0.9355130195617676,0,0,50.907127380371094,0,1
B23,mixamorig_RightHandThumb1,22,0.9370049834251404,-0.3214080035686493,0.13681800663471222,0,0.2854650020599365,0.9302875995635986,0.23037999868392944,0,-0.20132660865783691,-0.17681099474430084,0.9634339809417725,0,6.501555919647217,4.708508014678955,0,1
B24,mixamorig_RightHandThumb2,23,0.9948670268058777,-0.10118699818849564,0.0004030000127386302,0,0.10089299827814102,0.9922620058059692,0.07236000150442123,0,-0.007722000125795603,-0.07194799929857254,0.9973790049552917,0,1.2856199741363525,6.291968822479248,0,1
B25,mixamorig_RightHandThumb3,24,0.9950720071792603,-0.09888599812984467,-0.007343384902924299,0,0.09847400337457657,0.9941759705543518,-0.043790385127067566,0,0.011630999855697155,0.04285138472914696,0.9990140199661255,0,-0.38855698704719543,7.062751770019531,0,1
B26,mixamorig_RightHandThumb4,25,1,0,0,0,0,1,0,0,0,0,1,0,-0.8970630168914795,5.490105152130127,0,1
B27,mixamorig_RightHandIndex1,22,0.9997320175170898,-0.022151000797748566,0.006676000077277422,0,0.022150615230202675,0.9997550249099731,0.00014699999883305281,0,-0.006678000092506409,9.999999974752427e-7,0.9999780058860779,0,0,5.551045894622803,0,1
B28,mixamorig_RightHandIndex2,27,0.9979050159454346,0.06458599865436554,-0.003907000180333853,0,-0.0645856112241745,0.9979119896888733,0.00016599999798927456,0,0.003909999970346689,0.00008699999307282269,0.9999920129776001,0,-0.2370460033416748,10.696869850158691,0,1
B29,mixamorig_RightHandIndex3,28,0.9980980157852173,-0.06147899851202965,0.0046259998343884945,0,0.0614946149289608,0.9981020092964172,-0.003223000094294548,0,-0.0044189998880028725,0.003501000115647912,0.9999840259552002,0,0.3691079914569855,8.683921813964844,0,1
B30,mixamorig_RightHandIndex4,29,1,0,0,0,0,1,0,0,0,0,1,0,-0.13206200301647186,6.829885959625244,0,1
B31,mixamorig_LeftUpLeg,0,-0.987133264541626,-0.10192012786865234,0.12125100195407867,0,0.12361345440149307,-0.9725024104118347,0.19140295684337616,0,0.09757822006940842,0.2037835717201233,0.9731441736221313,0,15.292853355407715,-8.745742797851562,-0.448388010263443,1
B32,mixamorig_LeftLeg,31,0.9899024367332458,0.0367734394967556,0.13624978065490723,0,0.06957456469535828,0.7119762301445007,-0.6957695484161377,0,-0.12340759485960007,0.6982691287994385,0.7022678852081299,0,0,69.62959289550781,0,1
B33,mixamorig_LeftFoot,32,0.9785450100898743,0.0006572352140210569,0.20599690079689026,0,-0.18909132480621338,0.39788439869880676,0.8960479497909546,0,-0.08146081119775772,-0.9157750606536865,0.38945966958999634,0,0,66.46956634521484,0,1
B34,mixamorig_LeftToeBase,33,0.9963393807411194,-0.028851311653852463,0.07968071848154068,0,-0.059817638248205185,0.430795818567276,0.8999576568603516,0,-0.0601784773170948,-0.9014620780944824,0.42747199535369873,0,0,32.214900970458984,0,1
B35,mixamorig_LeftToe_End,34,1,0,0,0,0,1,0,0,0,0,1,0,0,12.213940620422363,0,1
B36,mixamorig_RightUpLeg,0,-0.967040479183197,-0.1527719795703888,-0.20257100462913513,0,0.012424098327755928,-0.8249301910400391,0.5640987753868103,0,-0.25286489725112915,0.5431224703788757,0.8001441955566406,0,-15.292853355407715,-8.745742797851562,-0.7227770090103149,1
B37,mixamorig_RightLeg,36,0.9777272939682007,-0.14079169929027557,-0.1554189771413803,0,-0.05433782935142517,0.546035647392273,-0.835679292678833,0,0.20266947150230408,0.825505256652832,0.526252806186676,0,0,69.60496520996094,0,1
B38,mixamorig_RightFoot,37,0.8569290041923523,-0.20819756388664246,-0.47114086151123047,0,0.5058981776237488,0.5090460777282715,0.6958132386207581,0,0.09519416093826294,-0.8349446058273315,0.5413712859153748,0,0,66.515380859375,0,1
B39,mixamorig_RightToeBase,38,0.9952342510223389,0.03214995935559273,-0.09202446043491364,0,0.07505690306425095,0.34987854957580566,0.9337050914764404,0,0.06219681352376938,-0.9361664652824402,0.3457973301410675,0,0,32.26641082763672,0,1
B40,mixamorig_RightToe_End,39,1,0,0,0,0,1,0,0,0,0,1,0,0,12.417524337768555,0,1
@34,0,1,2,3,4,5,7,8,9,10,11,12,13,15,16,17,19,20,21,22,23,24,25,27,28,29,31,32,33,34,36,37,38,39
K0.000,0.9848260283470154,0.1734749972820282,-0.004997000098228455,0,-0.17354300618171692,0.9842180013656616,-0.034602999687194824,0,-0.0010849999962374568,0.03494499996304512,0.9993889927864075,0,-0.08795899897813797,162.27845764160156,12.796998023986816,1,0.9984149932861328,-0.027824999764561653,-0.048914000391960144,0,0.025613000616431236,0.9986460208892822,-0.04528699815273285,0,0.05010699853301048,0.04396200180053711,0.9977759718894958,0,0,15.739898681640625,-0.603721022605896,1,0.9857689738273621,-0.1254339963197708,-0.11191900074481964,0,0.12466999888420105,0.9921020269393921,-0.01382800005376339,0,0.11276999861001968,-0.0003220000071451068,0.9936209917068481,0,0,18.37672233581543,0,1,0.9857810139656067,-0.1263899952173233,-0.11072999984025955,0,0.12544900178909302,0.9919800162315369,-0.015456000342965126,0,0.11179599910974503,0.001344999996945262,0.9937300086021423,0,0,21.00197410583496,0,1,0.9998409748077393,0.01719599962234497,0.004647000227123499,0,-0.017218999564647675,0.9998390078544617,0.004985999781638384,0,-0.004559999797493219,-0.0050650001503527164,0.9999769926071167,0,0,23.627208709716797,0,1,0.9795470237731934,0.19736100733280182,0.03919300064444542,0,-0.19893400371074677,0.9791399836540222,0.041363999247550964,0,-0.030212000012397766,-0.04831499978899956,0.9983749985694885,0,0,16.79718017578125,2.068665027618408,1,-0.11627800017595291,0.005150999873876572,-0.9932029843330383,0,0.8849999904632568,-0.453372985124588,-0.10596100240945816,0,-0.45083698630332947,-0.8913059830665588,0.048158999532461166,0,8.724262237548828,20.032114028930664,-0.13136400282382965,1,0.8106690049171448,0.5582110285758972,-0.17667900025844574,0,-0.5487520098686218,0.6191409826278687,-0.5617259740829468,0,-0.20417200028896332,0.5523269772529602,0.8082380294799805,0,0,18.97006607055664,0,1,0.9524790048599243,0.3045870065689087,0.003286000108346343,0,-0.3046039938926697,0.9524099826812744,0.01145699992775917,0,0.00036100001307204366,-0.011913999915122986,0.9999290108680725,0,0,41.39856719970703,0,1,0.8873980045318604,0.3565259873867035,-0.2922559976577759,0,-0.42473798990249634,0.8787639737129211,-0.21764999628067017,0,0.17922599613666534,0.3172740042209625,0.9312440156936646,0,0,50.92203903198242,0,1,0.9367179870605469,0.3198390007019043,-0.1423490047454834,0,-0.2842330038547516,0.932191014289856,0.2241249978542328,0,0.20438000559806824,-0.16948199272155762,0.9641079902648926,0,-6.465419769287109,4.1794562339782715,0,1,0.9982320070266724,0.05937400087714195,-0.0025969999842345715,0,-0.059105001389980316,0.996379017829895,0.061115000396966934,0,0.006215999834239483,-0.060853999108076096,0.9981269836425781,0,-1.2832950353622437,6.0237507820129395,0,1,0.980463981628418,0.1966940015554428,-0.001032999949529767,0,-0.1966180056333542,0.9799079895019531,-0.03348800167441368,0,-0.005574999842792749,0.03303699940443039,0.999439001083374,0,-0.052048999816179276,7.114596843719482,0,1,0.9996680021286011,0.02561499923467636,-0.002947000088170171,0,-0.02561499923467636,0.999671995639801,0.00007500000356230885,0,0.002948000095784664,0,0.9999960064888,0,0,6.805192947387695,0,1,0.9977849721908569,-0.06644999980926514,0.003014999907463789,0,0.06644999980926514,0.9977899789810181,0.00012399999832268804,0,-0.0030169999226927757,0.00007699999696342275,0.9999949932098389,0,0.2715049982070923,10.595919609069824,0,1,0.9984999895095825,0.054545000195503235,-0.004732000175863504,0,-0.05456100031733513,0.9985049962997437,-0.003237999975681305,0,0.004548000171780586,0.0034910000395029783,0.9999840259552002,0,-0.3518730103969574,8.602864265441895,0,1,-0.1645669937133789,-0.0035729999653995037,0.9863590002059937,0,-0.880266010761261,-0.45064300298690796,-0.14849799871444702,0,0.4450269937515259,-0.8926969766616821,0.07101500034332275,0,-8.724262237548828,20.03261375427246,-0.14440399408340454,1,0.8628429770469666,-0.420289009809494,0.28081798553466797,0,0.1361290067434311,0.7282440066337585,0.6716610193252563,0,-0.48679599165916443,-0.5413110256195068,0.6855739951133728,0,0,18.97006607055664,0,1,-0.18200799822807312,-0.9821760058403015,-0.04694199934601784,0,0.9822319746017456,-0.18382500112056732,0.03779900074005127,0,-0.04575499892234802,-0.03922799974679947,0.9981819987297058,0,0,41.39778518676758,0,1,0.94166100025177,-0.2656329870223999,0.20667299628257751,0,0.33576300740242004,0.699101984500885,-0.6312850117683411,0,0.023205000907182693,0.6638489961624146,0.7475060224533081,0,0,50.907127380371094,0,1,0.9370049834251404,-0.3214080035686493,0.13681800663471222,0,0.2854650020599365,0.9302870035171509,0.23038099706172943,0,-0.20132599771022797,-0.17681099474430084,0.9634339809417725,0,6.501555919647217,4.708508014678955,0,1,0.9948670268058777,-0.10118699818849564,0.0004030000127386302,0,0.10089299827814102,0.9922620058059692,0.07236000150442123,0,-0.007722000125795603,-0.07194799929857254,0.9973790049552917,0,1.2856199741363525,6.291968822479248,0,1,0.9950720071792603,-0.09888599812984467,-0.007342999801039696,0,0.09847400337457657,0.9941759705543518,-0.043790001422166824,0,0.011630999855697155,0.042851001024246216,0.9990140199661255,0,-0.38855698704719543,7.062751770019531,0,1,0.9997320175170898,-0.022151000797748566,0.006676000077277422,0,0.022151000797748566,0.9997550249099731,0.00014699999883305281,0,-0.006678000092506409,0,0.9999780058860779,0,0,5.551045894622803,0,1,0.9979050159454346,0.06458599865436554,-0.003907000180333853,0,-0.06458599865436554,0.9979119896888733,0.00016599999798927456,0,0.003909999970346689,0.0000870000003487803,0.9999920129776001,0,-0.2370460033416748,10.696869850158691,0,1,0.9980980157852173,-0.06147899851202965,0.0046259998343884945,0,0.06149499863386154,0.9981020092964172,-0.003223000094294548,0,-0.0044189998880028725,0.003501000115647912,0.9999840259552002,0,0.3691079914569855,8.683921813964844,0,1,-0.9675809741020203,0.25241199135780334,0.008704000152647495,0,-0.2373560070991516,-0.9205610156059265,0.3102090060710907,0,0.08631300181150436,0.2980859875679016,0.9506289958953857,0,15.292853355407715,-8.745742797851562,-0.448388010263443,1,0.9960640072822571,-0.011975999921560287,0.08782099932432175,0,0.07144200056791306,0.694923996925354,-0.7155249714851379,0,-0.05245999991893768,0.718982994556427,0.6930450201034546,0,0,69.62959289550781,0,1,0.9235749840736389,0.3494040071964264,0.15787799656391144,0,-0.3566170036792755,0.6315699815750122,0.688435971736908,0,0.14083099365234375,-0.6921240091323853,0.7079060077667236,0,0,66.46956634521484,0,1,0.9941310286521912,-0.03884200006723404,0.10096599906682968,0,-0.08367100358009338,0.315530002117157,0.9452199935913086,0,-0.06857199966907501,-0.9481199979782104,0.3104279935359955,0,0,32.214900970458984,0,1,-0.9846609830856323,0.15282000601291656,0.08419299870729446,0,-0.05475499853491783,-0.7288209795951843,0.6825109720230103,0,0.1656630039215088,0.6674320101737976,0.7260100245475769,0,-15.292853355407715,-8.745742797851562,-0.7227770090103149,1,0.9899839758872986,-0.1273059993982315,-0.06103599816560745,0,-0.05261800065636635,0.06847500056028366,-0.9962639808654785,0,0.1310099959373474,0.9894970059394836,0.061090998351573944,0,0,69.60496520996094,0,1,0.9157209992408752,-0.38308098912239075,-0.12126199901103973,0,0.40085700154304504,0.8501129746437073,0.3414979875087738,0,-0.027735000476241112,-0.3613260090351105,0.9320269823074341,0,0,66.515380859375,0,1,0.9997349977493286,0,0.023027999326586723,0,-0.013965999707579613,0.7951260209083557,0.6062840223312378,0,-0.018310999497771263,-0.6064450144767761,0.7949150204658508,0,0,32.26641082763672,0,1
K0.033,0.9799497127532959,0.16997389495372772,-0.10396160930395126,0,-0.17520803213119507,0.9835739731788635,-0.043412040919065475,0,0.09487458318471909,0.060756318271160126,0.9936336874961853,0,-1.2631762027740479,162.56924438476562,11.950267791748047,1,0.9988059997558594,-0.03173412010073662,-0.03713277354836464,0,0.0304071307182312,0.9988980293273926,-0.03575291484594345,0,0.038225773721933365,0.03458192199468613,0.9986709952354431,0,0,15.739898681640625,-0.603721022605896,1,0.9878029823303223,-0.13259504735469818,-0.08163046836853027,0,0.1332140415906906,0.9910849928855896,0.0021601689513772726,0,0.08061645179986954,-0.013008099049329758,0.9966599941253662,0,0,18.37672233581543,0,1,0.9877859950065613,-0.13296005129814148,-0.081247478723526,0,0.1334860473871231,0.9910500049591064,0.001049176906235516,0,0.08038145303726196,-0.011882106773555279,0.9966930150985718,0,0,21.00197410583496,0,1,0.9997149705886841,0.02275708131492138,0.0072450460866093636,0,-0.022792082279920578,0.9997289776802063,0.004708999302238226,0,-0.007136045955121517,-0.004873001482337713,0.9999629855155945,0,0,23.627208709716797,0,1,0.9750559329986572,0.21687616407871246,0.04723013564944267,0,-0.21861916780471802,0.9751649498939514,0.03547791391611099,0,-0.03836314007639885,-0.044918954372406006,0.9982540011405945,0,0,16.79718017578125,2.068665027618408,1,-0.1278391182422638,0.005930009763687849,-0.9917770028114319,0,0.8733278512954712,-0.4732661843299866,-0.11540108919143677,0,-0.47005918622016907,-0.8808999061584473,0.055324070155620575,0,8.724262237548828,20.032114028930664,-0.13136400282382965,1,0.7079224586486816,0.6844154000282288,-0.17441582679748535,0,-0.6577243804931641,0.5488371253013611,-0.5159227848052979,0,-0.2573789656162262,0.4799516499042511,0.8386906385421753,0,0,18.97006607055664,0,1,0.9647799134254456,0.26304420828819275,0.002823002403602004,0,-0.26305919885635376,0.9647289514541626,0.009894007816910744,0,-0.00012099766900064424,-0.010289008729159832,0.9999470114707947,0,0,41.39856719970703,0,1,0.9028860926628113,0.33836475014686584,-0.26515287160873413,0,-0.408849835395813,0.8664677739143372,-0.2864878475666046,0,0.13280963897705078,0.3670736849308014,0.9206617474555969,0,0,50.92203903198242,0,1,0.9367179870605469,0.3198379874229431,-0.1423490047454834,0,-0.2842330038547516,0.932191014289856,0.22412599623203278,0,0.20438100397586823,-0.16948199272155762,0.9641079902648926,0,-6.465419769287109,4.1794562339782715,0,1,0.9982320070266724,0.05937400087714195,-0.0025969999842345715,0,-0.059105001389980316,0.996379017829895,0.061115000396966934,0,0.006215999834239483,-0.060853999108076096,0.9981269836425781,0,-1.2832950353622437,6.0237507820129395,0,1,0.980463981628418,0.1966940015554428,-0.001032999949529767,0,-0.1966180056333542,0.9799079895019531,-0.03348800167441368,0,-0.005574999842792749,0.03303699940443039,0.999439001083374,0,-0.052048999816179276,7.114596843719482,0,1,0.9996680021286011,0.02561499923467636,-0.002947000088170171,0,-0.02561499923467636,0.999671995639801,0.00007500000356230885,0,0.002948000095784664,0,0.9999960064888,0,0,6.805192947387695,0,1,0.9977849721908569,-0.06644999980926514,0.003014999907463789,0,0.06644999980926514,0.9977899789810181,0.00012399999832268804,0,-0.0030169999226927757,0.00007699999696342275,0.9999949932098389,0,0.2715049982070923,10.595919609069824,0,1,0.9984999895095825,0.054545000195503235,-0.004732000175863504,0,-0.05456100031733513,0.9985049962997437,-0.003237999975681305,0,0.004548000171780586,0.0034910000395029783,0.9999840259552002,0,-0.3518730103969574,8.602864265441895,0,1,-0.13912774622440338,-0.003753000171855092,0.9902670383453369,0,-0.8883491158485413,-0.44140589237213135,-0.1264817863702774,0,0.43758389353752136,-0.8973000645637512,0.058076877146959305,0,-8.724262237548828,20.03261375427246,-0.14440399408340454,1,0.8391715884208679,-0.35212287306785583,0.41448739171028137,0,-0.019622694700956345,0.7420132756233215,0.6700983643531799,0,-0.5435122847557068,-0.5704611539840698,0.6157665848731995,0,0,18.97006607055664,0,1,-0.04449247941374779,-0.998140811920166,-0.04165090247988701,0,0.9981977939605713,-0.04609847441315651,0.03841399401426315,0,-0.040261898189783096,-0.039865992963314056,0.9983940124511719,0,0,41.39778518676758,0,1,0.9261723756790161,-0.2245752364397049,0.30293771624565125,0,0.3740527629852295,0.6490479111671448,-0.6624366044998169,0,-0.04785465449094772,0.7268442511558533,0.6851323246955872,0,0,50.907127380371094,0,1,0.9370049834251404,-0.3214080035686493,0.13681800663471222,0,0.2854650020599365,0.9302870035171509,0.23037999868392944,0,-0.20132599771022797,-0.17680999636650085,0.9634339809417725,0,6.501555919647217,4.708508014678955,0,1,0.9948670268058777,-0.10118799656629562,0.0004030000127386302,0,0.10089399665594101,0.9922620058059692,0.07236000150442123,0,-0.007722000125795603,-0.07194799929857254,0.9973779916763306,0,1.2856199741363525,6.291968822479248,0,1,0.9950720071792603,-0.09888599812984467,-0.007344000041484833,0,0.09847299754619598,0.9941759705543518,-0.04379099979996681,0,0.011630999855697155,0.042851999402046204,0.9990140199661255,0,-0.38855698704719543,7.062751770019531,0,1,0.9997320175170898,-0.022151000797748566,0.006676000077277422,0,0.022151000797748566,0.9997550249099731,0.00014699999883305281,0,-0.006678000092506409,0,0.9999780058860779,0,0,5.551045894622803,0,1,0.9979050159454346,0.06458599865436554,-0.003907000180333853,0,-0.06458599865436554,0.9979119896888733,0.00016599999798927456,0,0.003909999970346689,0.0000870000003487803,0.9999920129776001,0,-0.2370460033416748,10.696869850158691,0,1,0.9980980157852173,-0.06147899851202965,0.0046259998343884945,0,0.061494000256061554,0.9981020092964172,-0.003223000094294548,0,-0.0044189998880028725,0.003501000115647912,0.9999840259552002,0,0.3691079914569855,8.683921813964844,0,1,-0.9688119888305664,0.2473929226398468,0.014167102985084057,0,-0.23258590698242188,-0.9275710582733154,0.2924308180809021,0,0.0854860320687294,0.28001582622528076,0.956182062625885,0,15.292853355407715,-8.745742797851562,-0.448388010263443,1,0.9975249767303467,-0.032804179936647415,0.06219467893242836,0,0.0674808919429779,0.695227861404419,-0.7156141400337219,0,-0.01976463943719864,0.7180401086807251,0.6957208514213562,0,0,69.62959289550781,0,1,0.9192389249801636,0.3634791970252991,0.15126799046993256,0,-0.36582115292549133,0.6465749740600586,0.6694138646125793,0,0.14551210403442383,-0.6706888675689697,0.7273260951042175,0,0,66.46956634521484,0,1,0.993806004524231,-0.040605030953884125,0.10344003885984421,0,-0.08646604418754578,0.3021478056907654,0.9493310451507568,0,-0.06980202347040176,-0.952396035194397,0.2967657744884491,0,0,32.214900970458984,0,1,-0.9845329523086548,0.16831426322460175,0.04862729832530022,0,-0.09040173143148422,-0.7258071899414062,0.6819326281547546,0,0.1500726044178009,0.6669896841049194,0.7297963500022888,0,-15.292853355407715,-8.745742797851562,-0.7227770090103149,1,0.9896790385246277,-0.1202024295926094,-0.0780220702290535,0,-0.05523998662829399,0.18238511681556702,-0.9816743731498718,0,0.13223057985305786,0.9758514165878296,0.17386314272880554,0,0,69.60496520996094,0,1,0.9096099138259888,-0.40327712893486023,-0.09988898038864136,0,0.4101250469684601,0.8331597447395325,0.3710014224052429,0,-0.06639225035905838,-0.37843334674835205,0.923244833946228,0,0,66.515380859375,0,1,0.9997348785400391,0,0.0230267196893692,0,-0.013965888880193233,0.7951257824897766,0.6062843203544617,0,-0.01830943673849106,-0.6064452528953552,0.794914722442627,0,0,32.26641082763672,0,1
K0.067,0.9508582949638367,0.16008910536766052,-0.26502639055252075,0,-0.17865997552871704,0.9827709794044495,-0.047351960092782974,0,0.25287941098213196,0.09237468987703323,0.9630773067474365,0,-2.58170485496521,162.50437927246094,11.622967720031738,1,0.9989349842071533,-0.04380287975072861,-0.014508224092423916,0,0.04339586943387985,0.9986839890480042,-0.02731708437204361,0,0.015685223042964935,0.026659078896045685,0.9995219707489014,0,0,15.739898681640625,-0.603721022605896,1,0.9900519847869873,-0.13776595890522003,-0.028589528053998947,0,0.13833695650100708,0.990202009677887,0.019064832478761673,0,0.02568354643881321,-0.022829903289675713,0.999409019947052,0,0,18.37672233581543,0,1,0.9900299906730652,-0.1378619521856308,-0.0288925189524889,0,0.13843195140361786,0.9901949763298035,0.018735824152827263,0,0.026026539504528046,-0.022548893466591835,0.9994069933891296,0,0,21.00197410583496,0,1,0.9994519948959351,0.030907919630408287,0.011872954666614532,0,-0.030964918434619904,0.9995099902153015,0.004656000528484583,0,-0.011722953990101814,-0.005020998418331146,0.9999189972877502,0,0,23.627208709716797,0,1,0.9706340432167053,0.23283784091472626,0.060468871146440506,0,-0.23476482927799225,0.9716800451278687,0.02689908631145954,0,-0.0524938590824604,-0.04030504450201988,0.9978079795837402,0,0,16.79718017578125,2.068665027618408,1,-0.13906289637088776,0.006904990412294865,-0.9902600049972534,0,0.8613801002502441,-0.49249282479286194,-0.12439791113138199,0,-0.48855382204055786,-0.870289146900177,0.06253992766141891,0,8.724262237548828,20.032114028930664,-0.13136400282382965,1,0.5527565479278564,0.8185356855392456,-0.15639618039131165,0,-0.7934626340866089,0.4595898985862732,-0.3989901542663574,0,-0.25470903515815735,0.3446393311023712,0.903519332408905,0,0,18.97006607055664,0,1,0.9588190317153931,0.28400179743766785,0.0030469975899904966,0,-0.28401780128479004,0.958759069442749,0.01068299263715744,0,0.00011199768778169528,-0.01110899168998003,0.9999380111694336,0,0,41.39856719970703,0,1,0.9150278568267822,0.3147062361240387,-0.2523551285266876,0,-0.39171117544174194,0.8426392674446106,-0.3694891631603241,0,0.09636436402797699,0.43694332242012024,0.8943122625350952,0,0,50.92203903198242,0,1,0.9367179870605469,0.3198379874229431,-0.1423490047454834,0,-0.2842330038547516,0.932191014289856,0.2241249978542328,0,0.20438000559806824,-0.16948199272155762,0.9641079902648926,0,-6.465419769287109,4.1794562339782715,0,1,0.9982320070266724,0.05937400087714195,-0.0025969999842345715,0,-0.059105001389980316,0.996379017829895,0.061115000396966934,0,0.006215999834239483,-0.060853999108076096,0.9981269836425781,0,-1.2832950353622437,6.0237507820129395,0,1,0.980463981628418,0.1966949999332428,-0.001032999949529767,0,-0.1966180056333542,0.9799079895019531,-0.03348800167441368,0,-0.005574999842792749,0.03303699940443039,0.999439001083374,0,-0.052048999816179276,7.114596843719482,0,1,0.9996680021286011,0.02561499923467636,-0.002947000088170171,0,-0.02561499923467636,0.999671995639801,0.00007500000356230885,0,0.002948000095784664,0,0.9999960064888,0,0,6.805192947387695,0,1,0.9977849721908569,-0.06644999980926514,0.003014999907463789,0,0.06644999980926514,0.9977899789810181,0.00012399999832268804,0,-0.0030169999226927757,0.00007699999696342275,0.9999949932098389,0,0.2715049982070923,10.595919609069824,0,1,0.9984999895095825,0.054545000195503235,-0.004732000175863504,0,-0.05456100031733513,0.9985049962997437,-0.003237999975681305,0,0.004548000171780586,0.0034910000395029783,0.9999840259552002,0,-0.3518730103969574,8.602864265441895,0,1,-0.11442524939775467,-0.003774999873712659,0.9934249520301819,0,-0.8973648548126221,-0.42861711978912354,-0.10499021410942078,0,0.4261951148509979,-0.9034779667854309,0.04565712437033653,0,-8.724262237548828,20.03261375427246,-0.14440399408340454,1,0.7980534434318542,-0.2386261373758316,0.5533246397972107,0,-0.18897731602191925,0.7728136777877808,0.605842649936676,0,-0.5721877217292786,-0.5880607962608337,0.5716513991355896,0,0,18.97006607055664,0,1,0.20746350288391113,-0.9777202010154724,-0.03195509687066078,0,0.9777761697769165,0.20624549686908722,0.03762700781226158,0,-0.030198100954294205,-0.039051007479429245,0.9987810254096985,0,0,41.39778518676758,0,1,0.8667376041412354,-0.1480797529220581,0.4762752652168274,0,0.45097222924232483,0.6405630707740784,-0.6215324401855469,0,-0.2130473554134369,0.7534927725791931,0.6219796538352966,0,0,50.907127380371094,0,1,0.9370049834251404,-0.3214080035686493,0.13681800663471222,0,0.2854650020599365,0.9302870035171509,0.23037999868392944,0,-0.20132599771022797,-0.17681099474430084,0.9634339809417725,0,6.501555919647217,4.708508014678955,0,1,0.9948670268058777,-0.10118799656629562,0.0004030000127386302,0,0.10089299827814102,0.9922620058059692,0.07236000150442123,0,-0.007722000125795603,-0.07194799929857254,0.9973790049552917,0,1.2856199741363525,6.291968822479248,0,1,0.9950720071792603,-0.09888599812984467,-0.007344000041484833,0,0.09847400337457657,0.9941759705543518,-0.043790001422166824,0,0.011630999855697155,0.042851001024246216,0.9990140199661255,0,-0.38855698704719543,7.062751770019531,0,1,0.9997320175170898,-0.022151000797748566,0.006676000077277422,0,0.022151000797748566,0.9997550249099731,0.00014699999883305281,0,-0.006678000092506409,0,0.9999780058860779,0,0,5.551045894622803,0,1,0.9979050159454346,0.06458599865436554,-0.003907000180333853,0,-0.06458500027656555,0.9979119896888733,0.00016599999798927456,0,0.003909999970346689,0.0000870000003487803,0.9999920129776001,0,-0.2370460033416748,10.696869850158691,0,1,0.9980980157852173,-0.06147899851202965,0.0046259998343884945,0,0.061494000256061554,0.9981020092964172,-0.003223000094294548,0,-0.0044189998880028725,0.003501000115647912,0.9999840259552002,0,0.3691079914569855,8.683921813964844,0,1,-0.9706010222434998,0.2394440770149231,0.02451089769601822,0,-0.22372208535671234,-0.9350279569625854,0.27508318424224854,0,0.08878497034311295,0.2615121901035309,0.9611079692840576,0,15.292853355407715,-8.745742797851562,-0.448388010263443,1,0.9982650279998779,-0.05060582607984543,0.030108317732810974,0,0.056560106575489044,0.6817821264266968,-0.729365885257721,0,0.016383640468120575,0.7298029065132141,0.6834611296653748,0,0,69.62959289550781,0,1,0.9112370610237122,0.3837417960166931,0.14962701499462128,0,-0.3810938596725464,0.647711992263794,0.6597251296043396,0,0.15624889731407166,-0.6581881046295166,0.7364608645439148,0,0,66.46956634521484,0,1,0.9932609796524048,-0.043546970933675766,0.1074109598994255,0,-0.09105195850133896,0.2802492082118988,0.9555989503860474,0,-0.07171497493982315,-0.9589389562606812,0.2743951976299286,0,0,32.214900970458984,0,1,-0.9804000854492188,0.1958417296409607,-0.021492304280400276,0,-0.16324226558208466,-0.746405839920044,0.6451593637466431,0,0.11030739545822144,0.6360232830047607,0.7637456655502319,0,-15.292853355407715,-8.745742797851562,-0.7227770090103149,1,0.9944129586219788,-0.06256957352161407,-0.08501993119716644,0,-0.05366601422429085,0.39390987157821655,-0.9175806641578674,0,0.09090340882539749,0.9170166254043579,0.38835084438323975,0,0,69.60496520996094,0,1,0.9041990637779236,-0.41572287678718567,-0.09797202050685883,0,0.41714292764663696,0.8102782368659973,0.41163259744644165,0,-0.09174074977636337,-0.41306665539741516,0.9060682058334351,0,0,66.515380859375,0,1,0.9904460906982422,0.08966510742902756,-0.1047707349061966,0,-0.0028851102106273174,0.773057222366333,0.6343287229537964,0,0.13787144422531128,-0.6279667615890503,0.7659302949905396,0,0,32.26641082763672,0,1
K0.100,0.868573009967804,0.13649100065231323,-0.47639399766921997,0,-0.17844000458717346,0.9829800128936768,-0.043703000992536545,0,0.462321013212204,0.12296699732542038,0.8781449794769287,0,-3.934813976287842,161.84085083007812,12.02838134765625,1,0.9978299736976624,-0.06309600174427032,0.018835997208952904,0,0.06353600323200226,0.9976969957351685,-0.023724999278783798,0,-0.017295997589826584,0.02487099915742874,0.9995409846305847,0,0,15.739898681640625,-0.603721022605896,1,0.9890450239181519,-0.14037999510765076,0.045646995306015015,0,0.13912099599838257,0.9898300170898438,0.029684999957680702,0,-0.04934999719262123,-0.023009000346064568,0.9985160231590271,0,0,18.37672233581543,0,1,0.9890509843826294,-0.1404619961977005,0.0452599972486496,0,0.13920199871063232,0.9898130297660828,0.029897000640630722,0,-0.04899899661540985,-0.023269999772310257,0.998528003692627,0,0,21.00197410583496,0,1,0.998714029788971,0.04657299816608429,0.020015999674797058,0,-0.046723999083042145,0.998881995677948,0.007151000201702118,0,-0.019659999758005142,-0.008077000267803669,0.9997739791870117,0,0,23.627208709716797,0,1,0.9680659770965576,0.2383289933204651,0.07777199894189835,0,-0.2401300072669983,0.970632016658783,0.01455800049006939,0,-0.07201900333166122,-0.03276799991726875,0.9968649744987488,0,0,16.79718017578125,2.068665027618408,1,-0.14189399778842926,0.007923999801278114,-0.9898499846458435,0,0.8554930090904236,-0.5020869970321655,-0.12665300071239471,0,-0.497994989156723,-0.8647810220718384,0.06446400284767151,0,8.724262237548828,20.032114028930664,-0.13136400282382965,1,0.3541190028190613,0.9344350099563599,-0.037832003086805344,0,-0.914929986000061,0.33778300881385803,-0.22092200815677643,0,-0.1936579942703247,0.1128460094332695,0.9745569825172424,0,0,18.97006607055664,0,1,0.905119001865387,0.4251269996166229,0.005067000165581703,0,-0.4251520037651062,0.9049810171127319,0.015991000458598137,0,0.002213000087067485,-0.016628000885248184,0.9998589754104614,0,0,41.39856719970703,0,1,0.9166690111160278,0.2799470126628876,-0.28521600365638733,0,-0.3854529857635498,0.8078200221061707,-0.44592899084091187,0,0.10556700080633163,0.5187060236930847,0.8484100103378296,0,0,50.92203903198242,0,1,0.9367179870605469,0.3198379874229431,-0.1423490047454834,0,-0.2842330038547516,0.932191014289856,0.22412599623203278,0,0.20438100397586823,-0.16948199272155762,0.9641079902648926,0,-6.465419769287109,4.1794562339782715,0,1,0.9982320070266724,0.05937400087714195,-0.0025969999842345715,0,-0.059105001389980316,0.996379017829895,0.06111599877476692,0,0.006215999834239483,-0.060853999108076096,0.9981269836425781,0,-1.2832950353622437,6.0237507820129395,0,1,0.980463981628418,0.1966940015554428,-0.001032999949529767,0,-0.1966180056333542,0.9799079895019531,-0.03348800167441368,0,-0.005574999842792749,0.03303699940443039,0.999439001083374,0,-0.052048999816179276,7.114596843719482,0,1,0.9996680021286011,0.02561499923467636,-0.002947000088170171,0,-0.02561499923467636,0.999671995639801,0.00007500000356230885,0,0.002948000095784664,0,0.9999960064888,0,0,6.805192947387695,0,1,0.9977849721908569,-0.06644999980926514,0.003014999907463789,0,0.06644999980926514,0.9977899789810181,0.00012399999832268804,0,-0.0030169999226927757,0.00007699999696342275,0.9999949932098389,0,0.2715049982070923,10.595919609069824,0,1,0.9984999895095825,0.054545000195503235,-0.004732000175863504,0,-0.05456100031733513,0.9985049962997437,-0.003237999975681305,0,0.004548000171780586,0.0034910000395029783,0.9999840259552002,0,-0.3518730103969574,8.602864265441895,0,1,-0.10643800348043442,-0.003748999908566475,0.9943119883537292,0,-0.9022219777107239,-0.4199509918689728,-0.09816300123929977,0,0.4179309904575348,-0.9075390100479126,0.04131599888205528,0,-8.724262237548828,20.03261375427246,-0.14440399408340454,1,0.6971139907836914,-0.11005400866270065,0.7084630131721497,0,-0.33937200903892517,0.8197839856147766,0.4612810015678406,0,-0.6315529942512512,-0.5619980096817017,0.5341339707374573,0,0,18.97006607055664,0,1,0.569724977016449,-0.8216379880905151,-0.018014000728726387,0,0.8216850161552429,0.5690640211105347,0.031619999557733536,0,-0.0157299991697073,-0.032816000282764435,0.9993379712104797,0,0,41.39778518676758,0,1,0.7545949816703796,-0.11099400371313095,0.6467360258102417,0,0.5409629940986633,0.6630799770355225,-0.517382025718689,0,-0.371410995721817,0.7402740120887756,0.5604000091552734,0,0,50.907127380371094,0,1,0.9370049834251404,-0.3214080035686493,0.13681800663471222,0,0.2854650020599365,0.9302870035171509,0.23037999868392944,0,-0.20132599771022797,-0.17681099474430084,0.9634339809417725,0,6.501555919647217,4.708508014678955,0,1,0.9948670268058777,-0.10118799656629562,0.0004030000127386302,0,0.10089299827814102,0.9922620058059692,0.07236000150442123,0,-0.007722000125795603,-0.07194799929857254,0.9973790049552917,0,1.2856199741363525,6.291968822479248,0,1,0.9950720071792603,-0.09888599812984467,-0.007342999801039696,0,0.09847400337457657,0.9941759705543518,-0.043790001422166824,0,0.011630999855697155,0.042851001024246216,0.9990140199661255,0,-0.38855698704719543,7.062751770019531,0,1,0.9997320175170898,-0.022151000797748566,0.006676000077277422,0,0.022151000797748566,0.9997550249099731,0.00014699999883305281,0,-0.006678000092506409,0,0.9999780058860779,0,0,5.551045894622803,0,1,0.9979050159454346,0.06458599865436554,-0.003907000180333853,0,-0.06458500027656555,0.9979119896888733,0.00016599999798927456,0,0.003909999970346689,0.0000870000003487803,0.9999920129776001,0,-0.2370460033416748,10.696869850158691,0,1,0.9980980157852173,-0.06147899851202965,0.0046259998343884945,0,0.061494000256061554,0.9981020092964172,-0.003223000094294548,0,-0.0044189998880028725,0.003501000115647912,0.9999840259552002,0,0.3691079914569855,8.683921813964844,0,1,-0.975229024887085,0.21705900132656097,0.042580001056194305,0,-0.19761599600315094,-0.9414539933204651,0.2731510102748871,0,0.09937699884176254,0.25797098875045776,0.961027979850769,0,15.292853355407715,-8.745742797851562,-0.448388010263443,1,0.9976760149002075,-0.06813599914312363,-0.0009649986168369651,0,0.04320399835705757,0.6434469819068909,-0.764270007610321,0,0.05269499868154526,0.7624520063400269,0.6448959708213806,0,0,69.62959289550781,0,1,0.9014559984207153,0.4060620069503784,0.1499669998884201,0,-0.39871400594711304,0.6440169811248779,0.6528930068016052,0,0.16853399574756622,-0.6483489871025085,0.7424560189247131,0,0,66.46956634521484,0,1,0.992576003074646,-0.04720799997448921,0.11209499835968018,0,-0.09662500023841858,0.2537130117416382,0.9624410271644592,0,-0.07387500256299973,-0.9661269783973694,0.24726800620555878,0,0,32.214900970458984,0,1,-0.9692350029945374,0.2359510064125061,-0.07008200138807297,0,-0.23355400562286377,-0.7917370200157166,0.5644509792327881,0,0.07769600301980972,0.5634530186653137,0.8224869966506958,0,-15.292853355407715,-8.745742797851562,-0.7227770090103149,1,0.9947130084037781,-0.030307002365589142,-0.09811700135469437,0,-0.05620599910616875,0.6389570236206055,-0.7671859860420227,0,0.08594399690628052,0.7686449885368347,0.6338760256767273,0,0,69.60496520996094,0,1,0.8818780183792114,-0.46282899379730225,-0.08989399671554565,0,0.4529759883880615,0.7788389921188354,0.43384599685668945,0,-0.13078400492668152,-0.423319011926651,0.8964909911155701,0,0,66.515380859375,0,1,0.9657109975814819,0.17242300510406494,-0.19409500062465668,0,0.03526400029659271,0.6535670161247253,0.7560470104217529,0,0.2572140097618103,-0.7369670271873474,0.6250770092010498,0,0,32.26641082763672,0,1
