16.633,30,498,41
B0,mixamorig_Hips,-1,0.9977145195007324,-0.047951001673936844,0.04742671549320221,0,0.04943345859646797,0.9983023405075073,-0.030738310888409615,0,-0.045871343463659286,0.033009909093379974,0.9983921647071838,0,6.960611343383789,162.84664916992188,-0.07362040877342224,1
B1,mixamorig_Spine,0,0.9999681711196899,-0.0013840305618941784,0.007650329265743494,0,0.0016733144875615835,0.9992787837982178,-0.03789818659424782,0,-0.007592970505356789,0.037910133600234985,0.9992522597312927,0,0,15.739898681640625,-0.603721022605896,1
B2,mixamorig_Spine1,1,0.999848484992981,0.0042402115650475025,0.016865862533450127,0,-0.003594905138015747,0.9992682933807373,-0.03800605610013008,0,-0.017014574259519577,0.03794010356068611,0.9991318583488464,0,0,18.37672233581543,0,1
B3,mixamorig_Spine2,2,0.9998480677604675,0.004568814765661955,0.01683405414223671,0,-0.003927459940314293,0.9992717504501343,-0.03787167742848396,0,-0.01699514500796795,0.03779977560043335,0.9991378784179688,0,0,21.00197410583496,0,1
B4,mixamorig_Neck,3,0.9999747276306152,-0.006873010657727718,-0.0017354892333969474,0,0.007038818672299385,0.9917469620704651,0.12800832092761993,0,0.0008426388958469033,-0.1280173659324646,0.9917707443237305,0,0,23.627208709716797,0,1
B5,mixamorig_Head,4,0.9999985098838806,0.0011520253028720617,-0.0012700532097369432,0,-0.0013592480681836605,0.9840633869171143,-0.1778108924627304,0,0.0010445817606523633,0.1778123676776886,0.984063446521759,0,0,16.79718017578125,2.068665027618408,1
B6,mixamorig_HeadTop_End,5,1,0,0,0,0,1,0,0,0,0,1,0,0,49.093017578125,6.046072959899902,1
B7,mixamorig_LeftShoulder,3,0.06819978356361389,0.012849535793066025,-0.997589111328125,0,0.8556819558143616,-0.5148946046829224,0.051865242421627045,0,-0.5129867196083069,-0.8571561574935913,-0.046110741794109344,0,8.724262237548828,20.032114028930664,-0.13136400282382965,1
B8,mixamorig_LeftArm,7,0.9842709302902222,-0.1434672325849533,-0.10295773297548294,0,0.17171017825603485,0.6414930820465088,0.7476480007171631,0,-0.04121505096554756,-0.7535792589187622,0.6560606956481934,0,0,18.97006607055664,0,1
B9,mixamorig_LeftForeArm,8,0.93523108959198,0.35401588678359985,0.003934192005544901,0,-0.3540368676185608,0.9351370334625244,0.013316052034497261,0,0.0010351920500397682,-0.01384657621383667,0.9999035000801086,0,0,41.39856719970703,0,1
B10,mixamorig_LeftHand,9,0.8589702248573303,0.13539983332157135,-0.49379590153694153,0,-0.09632310271263123,0.9899145364761353,0.10387637466192245,0,0.5028808116912842,-0.04166208952665329,0.8633489608764648,0,0,50.92203903198242,0,1
B11,mixamorig_LeftHandThumb1,10,0.9799119234085083,0.12049014121294022,-0.1589190661907196,0,-0.09816146641969681,0.9850484132766724,0.14157728850841522,0,0.17360129952430725,-0.12313320487737656,0.9770876169204712,0,-6.465419769287109,4.1794562339782715,0,1
B12,mixamorig_LeftHandThumb2,11,0.9999620318412781,0.00861121341586113,0.00040514947613701224,0,-0.008615768514573574,0.9965901374816895,0.08205293864011765,0,0.00030255247838795185,-0.08205274492502213,0.9966275691986084,0,-1.2832950353622437,6.0237507820129395,0,1
B13,mixamorig_LeftHandThumb3,12,0.9712939262390137,0.14066487550735474,0.19183625280857086,0,-0.12971822917461395,0.9891780018806458,-0.06854309886693954,0,-0.19940219819545746,0.04169110953807831,0.9790293574333191,0,-0.052048999816179276,7.114596843719482,0,1
B14,mixamorig_LeftHandThumb4,13,1,0,0,0,0,1,0,0,0,0,1,0,1.3353450298309326,5.6471052169799805,0,1
B15,mixamorig_LeftHandIndex1,10,0.9968544840812683,0.07821471989154816,0.012798082083463669,0,-0.07901972532272339,0.9683946967124939,0.2365724742412567,0,0.006110248621553183,-0.2368396371603012,0.9715287685394287,0,0,6.805192947387695,0,1
B16,mixamorig_LeftHandIndex2,15,0.9994902610778809,-0.03167184442281723,-0.004028384108096361,0,0.03145841881632805,0.9554241299629211,0.2935533821582794,0,-0.00544842379167676,-0.2935309112071991,0.9559333920478821,0,0.2715049982070923,10.595919609069824,0,1
B17,mixamorig_LeftHandIndex3,16,0.9951454997062683,0.09797313064336777,0.009288378059864044,0,-0.09422478824853897,0.921311616897583,0.37723082304000854,0,0.028401540592312813,-0.37627512216567993,0.9260700941085815,0,-0.3518730103969574,8.602864265441895,0,1
B18,mixamorig_LeftHandIndex4,17,1,0,0,0,0,1,0,0,0,0,1,0,0.08036799728870392,5.7108049392700195,0,1
B19,mixamorig_RightShoulder,3,0.055638086050748825,-0.012250483967363834,0.9983753561973572,0,-0.8453068137168884,-0.5327370762825012,0.04057138413190842,0,0.531374990940094,-0.8461917638778687,-0.03999544680118561,0,-8.724262237548828,20.03261375427246,-0.14440399408340454,1
B20,mixamorig_RightArm,19,0.9754834771156311,0.01943739503622055,0.2191428542137146,0,-0.1756107062101364,0.668755054473877,0.72242671251297,0,-0.13250428438186646,-0.7432055473327637,0.6557989716529846,0,0,18.97006607055664,0,1
B21,mixamorig_RightForeArm,20,0.8856713175773621,-0.4642748534679413,-0.005855384282767773,0,0.46430087089538574,0.8854967951774597,0.017866721376776695,0,-0.0031099081970751286,-0.01854276843369007,0.9998234510421753,0,0,41.39778518676758,0,1
B22,mixamorig_RightHand,21,0.8686221241950989,-0.036851514130830765,0.4941006004810333,0,0.032531484961509705,0.9993197917938232,0.017339907586574554,0,-0.4944038689136505,0.0010118954814970493,0.8692306280136108,0,0,50.907127380371094,0,1
B23,mixamorig_RightHandThumb1,22,0.9658945202827454,-0.19408181309700012,0.17140734195709229,0,0.17509490251541138,0.9772318005561829,0.11983220279216766,0,-0.19076266884803772,-0.08573263883590698,0.9778852462768555,0,6.501555919647217,4.708508014678955,0,1
B24,mixamorig_RightHandThumb2,23,0.9845098853111267,0.16463233530521393,-0.06030809134244919,0,-0.1589527428150177,0.9832428097724915,0.08926035463809967,0,0.07399258762598038,-0.0782916322350502,0.9941807985305786,0,1.2856199741363525,6.291968822479248,0,1
B25,mixamorig_RightHandThumb3,24,0.9811777472496033,-0.1928231120109558,-0.010451181791722775,0,0.1928102672100067,0.9812332987785339,-0.0022551254369318485,0,0.01069001667201519,0.00019783727475441992,0.9999424815177917,0,-0.38855698704719543,7.062751770019531,0,1
B26,mixamorig_RightHandThumb4,25,1,0,0,0,0,1,0,0,0,0,1,0,-0.8970630168914795,5.490105152130127,0,1
B27,mixamorig_RightHandIndex1,22,0.9991447925567627,-0.04123346880078316,-0.0032146370504051447,0,0.039004135876894,0.9135630130767822,0.40482261776924133,0,-0.013755816034972668,-0.4046016037464142,0.9143891930580139,0,0,5.551045894622803,0,1
B28,mixamorig_RightHandIndex2,27,0.9989311099052429,0.0461299829185009,0.0029865282122045755,0,-0.045759983360767365,0.977630078792572,0.20529432594776154,0,0.006550571881234646,-0.2052113115787506,0.9786955714225769,0,-0.2370460033416748,10.696869850158691,0,1
B29,mixamorig_RightHandIndex3,28,0.9958345293998718,-0.090896375477314,-0.007194025442004204,0,0.0880151316523552,0.9376595616340637,0.33622270822525024,0,-0.023816274479031563,-0.335455060005188,0.9417545199394226,0,0.3691079914569855,8.683921813964844,0,1
B30,mixamorig_RightHandIndex4,29,1,0,0,0,0,1,0,0,0,0,1,0,-0.13206200301647186,6.829885959625244,0,1
B31,mixamorig_LeftUpLeg,0,-0.9968438148498535,-0.04507703334093094,0.06526066362857819,0,0.055283546447753906,-0.984874963760376,0.16416442394256592,0,0.05686820298433304,0.1672566682100296,0.9842702150344849,0,15.292853355407715,-8.745742797851562,-0.448388010263443,1
B32,mixamorig_LeftLeg,31,0.9866387248039246,-0.03737305477261543,0.1585269272327423,0,0.10258425772190094,0.8984971642494202,-0.42678406834602356,0,-0.12649059295654297,0.4373481273651123,0.8903242945671082,0,0,69.62959289550781,0,1
B33,mixamorig_LeftFoot,32,0.9505453705787659,0.11227737367153168,0.28957071900367737,0,-0.3104223906993866,0.3730532228946686,0.8743373155593872,0,-0.00986014399677515,-0.9209872484207153,0.3894597887992859,0,0,66.46956634521484,0,1
B34,mixamorig_LeftToeBase,33,0.999800980091095,1.5991114682423202e-11,-0.01997300237417221,0,0.012126476503908634,0.794592022895813,0.6070230007171631,0,0.015870001167058945,-0.6071439981460571,0.7944329977035522,0,0,32.214900970458984,0,1
B35,mixamorig_LeftToe_End,34,1,0,0,0,0,1,0,0,0,0,1,0,0,12.213940620422363,0,1
B36,mixamorig_RightUpLeg,0,-0.9936274290084839,0.019703412428498268,-0.1109417974948883,0,-0.030112579464912415,-0.9952113032341003,0.09294721484184265,0,-0.10857810080051422,0.09569599479436874,0.9894711971282959,0,-15.292853355407715,-8.745742797851562,-0.7227770090103149,1
B37,mixamorig_RightLeg,36,0.9874760508537292,0.04158247262239456,-0.15218855440616608,0,-0.09152758866548538,0.9366925954818726,-0.3379548192024231,0,0.12850113213062286,0.34765249490737915,0.9287676215171814,0,0,69.60496520996094,0,1
B38,mixamorig_RightFoot,37,0.9870885014533997,-0.08525528758764267,-0.13549897074699402,0,0.15903118252754211,0.42491722106933594,0.8911331295967102,0,-0.01841491274535656,-0.9012011885643005,0.4329979121685028,0,0,66.515380859375,0,1
B39,mixamorig_RightToeBase,38,0.9997364282608032,-4.759961882427888e-7,0.022958027198910713,0,-0.01392787229269743,0.7949274778366089,0.6065449118614197,0,-0.01825002394616604,-0.6067044138908386,0.7947174310684204,0,0,32.26641082763672,0,1
B40,mixamorig_RightToe_End,39,1,0,0,0,0,1,0,0,0,0,1,0,0,12.417524337768555,0,1
@34,0,1,2,3,4,5,7,8,9,10,11,12,13,15,16,17,19,20,21,22,23,24,25,27,28,29,31,32,33,34,36,37,38,39
K0.000,0.9842560291290283,-0.16816100478172302,0.054423000663518906,0,0.17127400636672974,0.9834719896316528,-0.05871500074863434,0,-0.04365000128746033,0.06711199879646301,0.9967899918556213,0,0.30777400732040405,159.94309997558594,1.5617330074310303,1,0.984574019908905,0.17464600503444672,0.010672000236809254,0,-0.17257800698280334,0.9793519973754883,-0.10529399663209915,0,-0.028839999809861183,0.10182800143957138,0.9943839907646179,0,0,15.739898681640625,-0.603721022605896,1,0.9989590048789978,0.04536199942231178,0.00483699981123209,0,-0.0454769991338253,0.9985899925231934,0.02739500068128109,0,-0.003587000072002411,-0.027587000280618668,0.9996129870414734,0,0,18.37672233581543,0,1,0.998989999294281,0.0441179983317852,0.008508999831974506,0,-0.04433999955654144,0.9986259937286377,0.02792000025510788,0,-0.0072650001384317875,-0.028269000351428986,0.9995740056037903,0,0,21.00197410583496,0,1,0.9941970109939575,-0.1073400005698204,-0.0071390001103281975,0,0.10736700147390366,0.985929012298584,0.12812699377536774,0,-0.00671500014141202,-0.12815000116825104,0.9917320013046265,0,0,23.627208709716797,0,1,0.9997249841690063,0.011323000304400921,0.02051899954676628,0,-0.007540999911725521,0.9843980073928833,-0.1757960021495819,0,-0.022190000861883163,0.17559300363063812,0.9842129945755005,0,0,16.79718017578125,2.068665027618408,1,0.08820299804210663,0.012493000365793705,-0.9960240125656128,0,0.8445320129394531,-0.5311539769172668,0.06812500208616257,0,-0.5281909704208374,-0.8471829891204834,-0.05739999935030937,0,8.724262237548828,20.032114028930664,-0.13136400282382965,1,0.9798790216445923,-0.19040699303150177,-0.059849001467227936,0,0.15376600623130798,0.5289869904518127,0.8345829844474792,0,-0.12725099921226501,-0.8269929885864258,0.54762202501297,0,0,18.97006607055664,0,1,0.9293050169944763,0.36928999423980713,0.004157000221312046,0,-0.36931198835372925,0.9292020201683044,0.013891000300645828,0,0.0012669999850913882,-0.014444000087678432,0.9998949766159058,0,0,41.39856719970703,0,1,0.8513780236244202,0.12155900150537491,-0.5102739930152893,0,-0.10214299708604813,0.992576003074646,0.06603199988603592,0,0.5145120024681091,-0.004097000230103731,0.8574730157852173,0,0,50.92203903198242,0,1,0.9739810228347778,0.17117400467395782,-0.1485300064086914,0,-0.15473300218582153,0.9811180233955383,0.11603599786758423,0,0.16558800637722015,-0.09003400057554245,0.9820770025253296,0,-6.465419769287109,4.1794562339782715,0,1,0.9978740215301514,0.06500999629497528,-0.004495999775826931,0,-0.06463800370693207,0.9961940050125122,0.058479998260736465,0,0.008280999958515167,-0.05806500092148781,0.998278021812439,0,-1.2832950353622437,6.0237507820129395,0,1,0.9527599811553955,0.25019699335098267,0.17219099402427673,0,-0.2406190037727356,0.9677370190620422,-0.07475399971008301,0,-0.18533900380134583,0.029789999127388,0.9822229743003845,0,-0.052048999816179276,7.114596843719482,0,1,0.9974730014801025,0.0705839991569519,0.0080960001796484,0,-0.07088799774646759,0.9811400175094604,0.17982999980449677,0,0.004749999847263098,-0.17994999885559082,0.9836639761924744,0,0,6.805192947387695,0,1,0.999176025390625,-0.0404449999332428,-0.0032579998951405287,0,0.040157001465559006,0.9741219878196716,0.22242599725723267,0,-0.005822000093758106,-0.22237299382686615,0.974943995475769,0,0.2715049982070923,10.595919609069824,0,1,0.9963089823722839,0.08577000349760056,0.003384999930858612,0,-0.08353199809789658,0.9597169756889343,0.2682639956474304,0,0.019759999588131905,-0.2675569951534271,0.9633389711380005,0,-0.3518730103969574,8.602864265441895,0,1,0.04498999938368797,-0.013836000114679337,0.9988920092582703,0,-0.836775004863739,-0.5467169880867004,0.030115000903606415,0,0.5456950068473816,-0.8372030258178711,-0.036173999309539795,0,-8.724262237548828,20.03261375427246,-0.14440399408340454,1,0.983493983745575,0.059029001742601395,0.17104299366474152,0,-0.15885399281978607,0.7342780232429504,0.6600000262260437,0,-0.08663400262594223,-0.6762769818305969,0.731535017490387,0,0,18.97006607055664,0,1,0.884020984172821,-0.46741101145744324,-0.005919000133872032,0,0.4674369990825653,0.8838430047035217,0.017988000065088272,0,-0.0031759999692440033,-0.018667999655008316,0.9998210072517395,0,0,41.39778518676758,0,1,0.8595979809761047,-0.02259499952197075,0.5104719996452332,0,0.019943000748753548,0.9997439980506897,0.01066999975591898,0,-0.5105819702148438,0.0010079999919980764,0.859827995300293,0,0,50.907127380371094,0,1,0.9646639823913574,-0.2003369927406311,0.1711370050907135,0,0.18184299767017365,0.9762459993362427,0.11780399829149246,0,-0.19067199528217316,-0.0825209990143776,0.9781789779663086,0,6.501555919647217,4.708508014678955,0,1,0.9875050187110901,0.14542099833488464,-0.060717999935150146,0,-0.14041699469089508,0.9868670105934143,0.07985000312328339,0,0.0715320035815239,-0.07032600045204163,0.9949560165405273,0,1.2856199741363525,6.291968822479248,0,1,0.9728410243988037,-0.23142899572849274,-0.004600000102072954,0,0.23131099343299866,0.9727090001106262,-0.01822900027036667,0,0.008693000301718712,0.016668999567627907,0.9998229742050171,0,-0.38855698704719543,7.062751770019531,0,1,0.999360978603363,-0.0357230007648468,-0.000754999986384064,0,0.033362001180648804,0.9253129959106445,0.3777329921722412,0,-0.012795000337064266,-0.3775170147418976,0.9259139895439148,0,0,5.551045894622803,0,1,0.9988170266151428,0.04856399819254875,0.002319999970495701,0,-0.04819199815392494,0.9825999736785889,0.17937099933624268,0,0.006430999841541052,-0.17927099764347076,0.9837790131568909,0,-0.2370460033416748,10.696869850158691,0,1,0.9963889718055725,-0.08482400327920914,-0.0037350000347942114,0,0.08280199766159058,0.9610159993171692,0.26380300521850586,0,-0.01878800056874752,-0.26315999031066895,0.9645689725875854,0,0.3691079914569855,8.683921813964844,0,1,-0.9641730189323425,-0.2241169959306717,0.1419229954481125,0,0.2521649897098541,-0.9404309988021851,0.2280389964580536,0,0.08236099779605865,0.25565698742866516,0.9632530212402344,0,15.292853355407715,-8.745742797851562,-0.448388010263443,1,0.9902349710464478,0.010805999860167503,0.13899199664592743,0,0.08163599669933319,0.7632319927215576,-0.6409459710121155,0,-0.1130089983344078,0.6460340023040771,0.7548969984054565,0,0,69.62959289550781,0,1,0.9781230092048645,0.018422000110149384,0.20720799267292023,0,-0.20454299449920654,0.2666679918766022,0.9418339729309082,0,-0.037905000150203705,-0.9636120200157166,0.26460200548171997,0,0,66.46956634521484,0,1,0.9997649788856506,0.000014000000192027073,-0.021693000569939613,0,0.013021999970078468,0.7994030117988586,0.6006550192832947,0,0.01734899915754795,-0.6007959842681885,0.7992140054702759,0,0,32.214900970458984,0,1,-0.9799439907073975,-0.14872899651527405,-0.1326259970664978,0,0.1401589959859848,-0.9875209927558899,0.07182099670171738,0,-0.14165200293064117,0.051791999489068985,0.9885609745979309,0,-15.292853355407715,-8.745742797851562,-0.7227770090103149,1,0.9930649995803833,0.04376799985766411,-0.10911300033330917,0,-0.08381500095129013,0.9144049882888794,-0.3960280120372772,0,0.08243999630212784,0.40242698788642883,0.911732017993927,0,0,69.60496520996094,0,1,0.9784610271453857,-0.12124200165271759,-0.16707399487495422,0,0.20036299526691437,0.3630090057849884,0.9099889993667603,0,-0.049678999930620193,-0.9238640069961548,0.3794820010662079,0,0,66.515380859375,0,1,0.9997730255126953,-0.000009000000318337698,0.021316999569535255,0,-0.013055000454187393,0.7902820110321045,0.612604022026062,0,-0.01685200072824955,-0.6127430200576782,0.790103018283844,0,0,32.26641082763672,0,1
K0.033,0.9842569828033447,-0.16839399933815002,0.05368499457836151,0,0.17147600650787354,0.9834100008010864,-0.05915900319814682,0,-0.04283199459314346,0.06743300706148148,0.9968039989471436,0,0.2973839342594147,159.92901611328125,1.5048145055770874,1,0.9845719933509827,0.17465199530124664,0.010730001144111156,0,-0.1726509928703308,0.9796069860458374,-0.1027669683098793,0,-0.02845899574458599,0.09932897239923477,0.9946479797363281,0,0,15.739898681640625,-0.603721022605896,1,0.998960018157959,0.045308999717235565,0.005164003930985928,0,-0.04542500153183937,0.9986519813537598,0.025133976712822914,0,-0.004018004983663559,-0.025341976433992386,0.9996709823608398,0,0,18.37672233581543,0,1,0.9989870190620422,0.04413999989628792,0.008720003068447113,0,-0.044349998235702515,0.9986870288848877,0.025645975023508072,0,-0.007576003670692444,-0.026006976142525673,0.9996330142021179,0,0,21.00197410583496,0,1,0.9941949844360352,-0.1073480024933815,-0.007302002515643835,0,0.10738900303840637,0.9857789874076843,0.129256010055542,0,-0.00667699845507741,-0.12929001450538635,0.9915840029716492,0,0,23.627208709716797,0,1,0.9997190237045288,0.011486001312732697,0.020723000168800354,0,-0.007711001206189394,0.9847480058670044,-0.17381398379802704,0,-0.022404000163078308,0.17360498011112213,0.9845600128173828,0,0,16.79718017578125,2.068665027618408,1,0.08819299936294556,0.012461000122129917,-0.996025025844574,0,0.8443430066108704,-0.5314559936523438,0.06811299920082092,0,-0.5284950137138367,-0.8469939827919006,-0.05739299952983856,0,8.724262237548828,20.032114028930664,-0.13136400282382965,1,0.979324996471405,-0.19273802638053894,-0.06143701449036598,0,0.15642203390598297,0.5289099812507629,0.8341379761695862,0,-0.1282760202884674,-0.8265020251274109,0.5481230020523071,0,0,18.97006607055664,0,1,0.9295549988746643,0.36865898966789246,0.004147999919950962,0,-0.3686800003051758,0.9294530153274536,0.013866999186575413,0,0.0012569997925311327,-0.01441899873316288,0.9998949766159058,0,0,41.39856719970703,0,1,0.8524090051651001,0.12167900055646896,-0.5085210204124451,0,-0.10273401439189911,0.9925640225410461,0.06529298424720764,0,0.5126839876174927,-0.003413984552025795,0.8585709929466248,0,0,50.92203903198242,0,1,0.9739789962768555,0.17118600010871887,-0.14852599799633026,0,-0.15474699437618256,0.9811170101165771,0.11603099852800369,0,0.165584996342659,-0.09002800285816193,0.9820780158042908,0,-6.465419769287109,4.1794562339782715,0,1,0.9978740215301514,0.06501899659633636,-0.004495999775826931,0,-0.06464599817991257,0.9961940050125122,0.05847499892115593,0,0.008280999958515167,-0.05806000158190727,0.9982789754867554,0,-1.2832950353622437,6.0237507820129395,0,1,0.9527549743652344,0.2502169907093048,0.17219200730323792,0,-0.24064099788665771,0.9677320122718811,-0.07474800199270248,0,-0.18533900380134583,0.02978000044822693,0.9822229743003845,0,-0.052048999816179276,7.114596843719482,0,1,0.9974730014801025,0.0705839991569519,0.0080960001796484,0,-0.0708869993686676,0.9811400175094604,0.17982999980449677,0,0.004749999847263098,-0.17994999885559082,0.9836639761924744,0,0,6.805192947387695,0,1,0.999176025390625,-0.0404449999332428,-0.003258999902755022,0,0.040157001465559006,0.9741219878196716,0.22242599725723267,0,-0.005822000093758106,-0.22237299382686615,0.974943995475769,0,0.2715049982070923,10.595919609069824,0,1,0.9963089823722839,0.08577000349760056,0.0033859999384731054,0,-0.08353199809789658,0.9597169756889343,0.2682639956474304,0,0.019759999588131905,-0.2675569951534271,0.9633389711380005,0,-0.3518730103969574,8.602864265441895,0,1,0.04539300873875618,-0.013767999596893787,0.9988740086555481,0,-0.8363980054855347,-0.5472760200500488,0.030466007068753242,0,0.546239972114563,-0.8368390202522278,-0.036358002573251724,0,-8.724262237548828,20.03261375427246,-0.14440399408340454,1,0.9830570220947266,0.05971800908446312,0.17329803109169006,0,-0.16083203256130219,0.7345449924468994,0.6592239737510681,0,-0.08792801201343536,-0.6759269833564758,0.7317050099372864,0,0,18.97006607055664,0,1,0.884119987487793,-0.46722298860549927,-0.005915000103414059,0,0.4672499895095825,0.8839420080184937,0.017980000004172325,0,-0.00317199993878603,-0.01865999959409237,0.9998210072517395,0,0,41.39778518676758,0,1,0.860044002532959,-0.022908000275492668,0.5097050070762634,0,0.020056994631886482,0.999737024307251,0.011089007370173931,0,-0.5098260045051575,0.0006859907880425453,0.8602780103683472,0,0,50.907127380371094,0,1,0.9646639823913574,-0.20033599436283112,0.1711370050907135,0,0.18184299767017365,0.9762459993362427,0.11780299991369247,0,-0.19067199528217316,-0.0825200006365776,0.9781789779663086,0,6.501555919647217,4.708508014678955,0,1,0.9875050187110901,0.14542099833488464,-0.060717999935150146,0,-0.14041699469089508,0.9868670105934143,0.07985000312328339,0,0.0715320035815239,-0.07032600045204163,0.9949560165405273,0,1.2856199741363525,6.291968822479248,0,1,0.9728410243988037,-0.23142899572849274,-0.004600000102072954,0,0.23131099343299866,0.9727090001106262,-0.01822900027036667,0,0.008693000301718712,0.016669999808073044,0.9998229742050171,0,-0.38855698704719543,7.062751770019531,0,1,0.999360978603363,-0.0357230007648468,-0.000754999986384064,0,0.033362001180648804,0.9253140091896057,0.3777320086956024,0,-0.012795000337064266,-0.3775160014629364,0.925915002822876,0,0,5.551045894622803,0,1,0.9988170266151428,0.04856399819254875,0.002319999970495701,0,-0.04819199815392494,0.9825999736785889,0.17937099933624268,0,0.006430999841541052,-0.17927099764347076,0.9837790131568909,0,-0.2370460033416748,10.696869850158691,0,1,0.9963889718055725,-0.08482500165700912,-0.0037350000347942114,0,0.08280199766159058,0.9610159993171692,0.26380300521850586,0,-0.01878800056874752,-0.26315999031066895,0.9645689725875854,0,0.3691079914569855,8.683921813964844,0,1,-0.9642770290374756,-0.22406400740146637,0.14130200445652008,0,0.25200700759887695,-0.9403160214424133,0.22868900001049042,0,0.08162800222635269,0.2561280131340027,0.9631900191307068,0,15.292853355407715,-8.745742797851562,-0.448388010263443,1,0.9909690022468567,0.009206989780068398,0.1337759643793106,0,0.07951199263334274,0.7629809975624084,-0.6415129899978638,0,-0.10797496885061264,0.6463559865951538,0.7553579807281494,0,0,69.62959289550781,0,1,0.9781140089035034,0.01901700347661972,0.20720000565052032,0,-0.20465099811553955,0.26772499084472656,0.941510021686554,0,-0.037567995488643646,-0.9633079767227173,0.2657569944858551,0,0,66.46956634521484,0,1,0.9997749924659729,0.000011000000085914508,-0.021212998777627945,0,0.01277299877256155,0.7980669736862183,0.6024330258369446,0,0.016936998814344406,-0.6025679707527161,0.7978879809379578,0,0,32.214900970458984,0,1,-0.9798889756202698,-0.14914999902248383,-0.1325560063123703,0,0.1405230015516281,-0.9874370098114014,0.07226300239562988,0,-0.14166900515556335,0.05218300223350525,0.9885380268096924,0,-15.292853355407715,-8.745742797851562,-0.7227770090103149,1,0.9929919838905334,0.043251994997262955,-0.109980009496212,0,-0.08376500010490417,0.9140639901161194,-0.39682599902153015,0,0.08336600661277771,0.40325799584388733,0.9112809896469116,0,0,69.60496520996094,0,1,0.9784780144691467,-0.12112899869680405,-0.1670610010623932,0,0.2002989947795868,0.36285200715065,0.9100649952888489,0,-0.04961699992418289,-0.9239410161972046,0.3793039917945862,0,0,66.515380859375,0,1,0.9997730255126953,-0.000009000000318337698,0.021316999569535255,0,-0.013055000454187393,0.7902820110321045,0.612604022026062,0,-0.01685200072824955,-0.6127430200576782,0.790103018283844,0,0,32.26641082763672,0,1
K0.067,0.9842569828033447,-0.16849499940872192,0.05336400493979454,0,0.1715729981660843,0.9833670258522034,-0.05958999693393707,0,-0.04243600368499756,0.06780799478292465,0.9967960119247437,0,0.2917850613594055,159.9201202392578,1.4562134742736816,1,0.9845690131187439,0.17466500401496887,0.01081599947065115,0,-0.17273500561714172,0.979882001876831,-0.0999700278043747,0,-0.028060004115104675,0.09655903279781342,0.9949319958686829,0,0,15.739898681640625,-0.603721022605896,1,0.998960018157959,0.04525500163435936,0.0055559962056577206,0,-0.04537000134587288,0.9987130165100098,0.022680023685097694,0,-0.004522995091974735,-0.022909024730324745,0.9997270107269287,0,0,18.37672233581543,0,1,0.9989839792251587,0.044165998697280884,0.008986997418105602,0,-0.04436400160193443,0.9987469911575317,0.023177023977041245,0,-0.00795199628919363,-0.023552024737000465,0.9996910095214844,0,0,21.00197410583496,0,1,0.9941970109939575,-0.1073089987039566,-0.007542997598648071,0,0.10737399756908417,0.985634982585907,0.1303669810295105,0,-0.006555001251399517,-0.13041998445987701,0.9914370179176331,0,0,23.627208709716797,0,1,0.9997169971466064,0.011577999219298363,0.02077599987387657,0,-0.007842998951673508,0.985135018825531,-0.1716020107269287,0,-0.022453999146819115,0.17139101028442383,0.9849470257759094,0,0,16.79718017578125,2.068665027618408,1,0.08816099911928177,0.01245499961078167,-0.9960280060768127,0,0.8442729711532593,-0.5315719842910767,0.06808199733495712,0,-0.5286129713058472,-0.846921980381012,-0.05737999826669693,0,8.724262237548828,20.032114028930664,-0.13136400282382965,1,0.9787139892578125,-0.19536897540092468,-0.06284298747777939,0,0.15900197625160217,0.5282390117645264,0.8340759873390198,0,-0.12975598871707916,-0.8263139724731445,0.5480589866638184,0,0,18.97006607055664,0,1,0.9300450086593628,0.3674220144748688,0.004129000008106232,0,-0.3674429953098297,0.9299430251121521,0.013820000924170017,0,0.0012380002299323678,-0.014371001161634922,0.9998959898948669,0,0,41.39856719970703,0,1,0.8530200123786926,0.12197999656200409,-0.5074229836463928,0,-0.10386798530817032,0.9925310015678406,0.06398401409387589,0,0.5114380121231079,-0.0018750152084976435,0.8593180179595947,0,0,50.92203903198242,0,1,0.9739760160446167,0.17121000587940216,-0.14851799607276917,0,-0.15477299690246582,0.9811139702796936,0.11602199822664261,0,0.1655769944190979,-0.09001599997282028,0.9820799827575684,0,-6.465419769287109,4.1794562339782715,0,1,0.9978730082511902,0.06503400206565857,-0.004517999943345785,0,-0.06465999782085419,0.996192991733551,0.05847499892115593,0,0.008302999660372734,-0.058058999478816986,0.9982789754867554,0,-1.2832950353622437,6.0237507820129395,0,1,0.9527549743652344,0.250203013420105,0.1722099930047989,0,-0.24063000082969666,0.967736005783081,-0.07472900301218033,0,-0.18535199761390686,0.029759999364614487,0.9822220206260681,0,-0.052048999816179276,7.114596843719482,0,1,0.9974730014801025,0.0705839991569519,0.0080960001796484,0,-0.07088799774646759,0.9811400175094604,0.17982999980449677,0,0.004749999847263098,-0.17994999885559082,0.9836639761924744,0,0,6.805192947387695,0,1,0.999176025390625,-0.0404449999332428,-0.0032579998951405287,0,0.040157001465559006,0.9741219878196716,0.22242599725723267,0,-0.005822000093758106,-0.22237299382686615,0.974943995475769,0,0.2715049982070923,10.595919609069824,0,1,0.9963080286979675,0.08578699827194214,0.003392999991774559,0,-0.08354700356721878,0.9596729874610901,0.26841700077056885,0,0.019771000370383263,-0.26770898699760437,0.9632970094680786,0,-0.3518730103969574,8.602864265441895,0,1,0.04620999097824097,-0.013747000135481358,0.9988369941711426,0,-0.8361219763755798,-0.5476580262184143,0.031144993379712105,0,0.5465930104255676,-0.836588978767395,-0.03680099546909332,0,-8.724262237548828,20.03261375427246,-0.14440399408340454,1,0.9825369715690613,0.060479991137981415,0.17596197128295898,0,-0.163161963224411,0.734620988368988,0.6585670113563538,0,-0.08943598717451096,-0.675777018070221,0.731660008430481,0,0,18.97006607055664,0,1,0.884090006351471,-0.46728000044822693,-0.005915999878197908,0,0.4673070013523102,0.8839120268821716,0.017983000725507736,0,-0.0031739999540150166,-0.01866300031542778,0.9998210072517395,0,0,41.39778518676758,0,1,0.860837996006012,-0.022890999913215637,0.5083640217781067,0,0.01959100365638733,0.9997379779815674,0.011841992847621441,0,-0.5085020065307617,-0.00023499084636569023,0.8610609769821167,0,0,50.907127380371094,0,1,0.9646639823913574,-0.2003369927406311,0.1711370050907135,0,0.18184299767017365,0.9762459993362427,0.11780299991369247,0,-0.19067199528217316,-0.0825200006365776,0.9781789779663086,0,6.501555919647217,4.708508014678955,0,1,0.9875050187110901,0.14542099833488464,-0.060717999935150146,0,-0.14041699469089508,0.9868670105934143,0.07985000312328339,0,0.0715320035815239,-0.07032699882984161,0.9949560165405273,0,1.2856199741363525,6.291968822479248,0,1,0.9728410243988037,-0.23142899572849274,-0.004600000102072954,0,0.23131099343299866,0.9727090001106262,-0.01822900027036667,0,0.008693000301718712,0.016669999808073044,0.9998229742050171,0,-0.38855698704719543,7.062751770019531,0,1,0.999360978603363,-0.0357230007648468,-0.000754999986384064,0,0.033362001180648804,0.9253140091896057,0.3777329921722412,0,-0.012795000337064266,-0.3775160014629364,0.9259139895439148,0,0,5.551045894622803,0,1,0.9988170266151428,0.04856399819254875,0.002319999970495701,0,-0.04819199815392494,0.9825999736785889,0.17937099933624268,0,0.006430999841541052,-0.17927099764347076,0.9837790131568909,0,-0.2370460033416748,10.696869850158691,0,1,0.9963889718055725,-0.08482500165700912,-0.003734000027179718,0,0.08280199766159058,0.9610159993171692,0.26380300521850586,0,-0.01878800056874752,-0.26315999031066895,0.9645689725875854,0,0.3691079914569855,8.683921813964844,0,1,-0.9642959833145142,-0.2240770012140274,0.14114999771118164,0,0.252005010843277,-0.9402469992637634,0.22897399961948395,0,0.08140800148248672,0.25637000799179077,0.9631450176239014,0,15.292853355407715,-8.745742797851562,-0.448388010263443,1,0.9913539886474609,0.008196010254323483,0.13096003234386444,0,0.07849501073360443,0.7627279758453369,-0.6419389843940735,0,-0.10514803230762482,0.646668016910553,0.7554889917373657,0,0,69.62959289550781,0,1,0.9780930280685425,0.01939299702644348,0.2072650045156479,0,-0.204802006483078,0.2680239975452423,0.9413920044898987,0,-0.037296004593372345,-0.96321702003479,0.26612401008605957,0,0,66.46956634521484,0,1,0.9997770190238953,0.000011000000085914508,-0.02110000140964985,0,0.012715000659227371,0.7977520227432251,0.6028519868850708,0,0.016839001327753067,-0.6029859781265259,0.797573983669281,0,0,32.214900970458984,0,1,-0.9798889756202698,-0.14936299622058868,-0.13232199847698212,0,0.14071300625801086,-0.9873899817466736,0.07252400368452072,0,-0.1414860039949417,0.052445996552705765,0.9885500073432922,0,-15.292853355407715,-8.745742797851562,-0.7227770090103149,1,0.9929310083389282,0.04290100187063217,-0.11066899448633194,0,-0.08377700299024582,0.9138079881668091,-0.3974129855632782,0,0.08408099412918091,0.4038749933242798,0.910942018032074,0,0,69.60496520996094,0,1,0.9784860014915466,-0.12107399851083755,-0.16705100238323212,0,0.2002660036087036,0.3627929985523224,0.9100959897041321,0,-0.049584001302719116,-0.9239709973335266,0.37923499941825867,0,0,66.515380859375,0,1,0.9997730255126953,-0.000009000000318337698,0.021316999569535255,0,-0.013055000454187393,0.7902820110321045,0.612604022026062,0,-0.01685200072824955,-0.6127430200576782,0.790103018283844,0,0,32.26641082763672,0,1
K0.100,0.9842270016670227,-0.16862399876117706,0.05351800099015236,0,0.17172999680042267,0.9833160042762756,-0.05998900160193443,0,-0.04250900074839592,0.06823299825191498,0.9967629909515381,0,0.2817240059375763,159.91287231445312,1.4108610153198242,1,0.9845640063285828,0.17468200623989105,0.010929999873042107,0,-0.17282700538635254,0.9801710247993469,-0.09693200141191483,0,-0.02764499932527542,0.09354600310325623,0.9952309727668762,0,0,15.739898681640625,-0.603721022605896,1,0.998960018157959,0.04519899934530258,0.0060189999639987946,0,-0.04531199857592583,0.998769998550415,0.020142000168561935,0,-0.0051009999588131905,-0.020393000915646553,0.9997789859771729,0,0,18.37672233581543,0,1,0.9989799857139587,0.04419200122356415,0.009314999915659428,0,-0.04437699913978577,0.9988020062446594,0.020620999857783318,0,-0.008391999639570713,-0.02101299911737442,0.9997439980506897,0,0,21.00197410583496,0,1,0.9942010045051575,-0.10724800080060959,-0.007865999825298786,0,0.10734999924898148,0.9855179786682129,0.13126499950885773,0,-0.006326000206172466,-0.13134799897670746,0.991316020488739,0,0,23.627208709716797,0,1,0.9997199773788452,0.011909999884665012,0.02044299989938736,0,-0.00827800016850233,0.9855239987373352,-0.1693349927663803,0,-0.02216400019824505,0.1691190004348755,0.9853460192680359,0,0,16.79718017578125,2.068665027618408,1,0.08777199685573578,0.012551999650895596,-0.9960610270500183,0,0.8444160223007202,-0.5313910245895386,0.06771299988031387,0,-0.5284479856491089,-0.8470339775085449,-0.05724100023508072,0,8.724262237548828,20.032114028930664,-0.13136400282382965,1,0.9781540036201477,-0.19762900471687317,-0.06447499990463257,0,0.16155299544334412,0.5274909734725952,0.8340590000152588,0,-0.1308239996433258,-0.8262540102005005,0.5478950142860413,0,0,18.97006607055664,0,1,0.9304980039596558,0.3662729859352112,0.004112000111490488,0,-0.3662939965724945,0.9303969740867615,0.013776999898254871,0,0.0012199999764561653,-0.014325999654829502,0.9998970031738281,0,0,41.39856719970703,0,1,0.8535779714584351,0.12277299910783768,-0.5062919855117798,0,-0.10521200299263,0.992434024810791,0.06328000128269196,0,0.5102310180664062,-0.0007460000342689455,0.8600370287895203,0,0,50.92203903198242,0,1,0.9739750027656555,0.17122800648212433,-0.14850600063800812,0,-0.15479500591754913,0.981112003326416,0.11601000279188156,0,0.16556599736213684,-0.09000299870967865,0.9820830225944519,0,-6.465419769287109,4.1794562339782715,0,1,0.997871994972229,0.06504099816083908,-0.004554999992251396,0,-0.06466399878263474,0.9961919784545898,0.05848199874162674,0,0.00834100041538477,-0.058063000440597534,0.998278021812439,0,-1.2832950353622437,6.0237507820129395,0,1,0.9527860283851624,0.2500469982624054,0.1722639948129654,0,-0.24047499895095825,0.9677760004997253,-0.07470300048589706,0,-0.18539200723171234,0.029751000925898552,0.9822139739990234,0,-0.052048999816179276,7.114596843719482,0,1,0.9974719882011414,0.07059100270271301,0.00810100045055151,0,-0.07089599967002869,0.9811260104179382,0.17990200221538544,0,0.004751000087708235,-0.1800210028886795,0.9836509823799133,0,0,6.805192947387695,0,1,0.9991769790649414,-0.04042600095272064,-0.003260999917984009,0,0.040137000381946564,0.9740859866142273,0.22258900105953217,0,-0.005822000093758106,-0.22253699600696564,0.9749069809913635,0,0.2715049982070923,10.595919609069824,0,1,0.996304988861084,0.08581600338220596,0.0034050000831484795,0,-0.08357299864292145,0.9595999717712402,0.268669992685318,0,0.01978899911046028,-0.2679620087146759,0.9632260203361511,0,-0.3518730103969574,8.602864265441895,0,1,0.046845000237226486,-0.013747000135481358,0.9988080263137817,0,-0.8361139893531799,-0.5476400256156921,0.0316770002245903,0,0.5465520024299622,-0.8366010189056396,-0.03714799880981445,0,-8.724262237548828,20.03261375427246,-0.14440399408340454,1,0.9820349812507629,0.06098800152540207,0.1785700023174286,0,-0.16530799865722656,0.7344020009040833,0.6582760214805603,0,-0.09099499881267548,-0.6759690046310425,0.7312899827957153,0,0,18.97006607055664,0,1,0.884244978427887,-0.46698498725891113,-0.005909999832510948,0,0.4670119881629944,0.8840680122375488,0.01797099970281124,0,-0.003166999900713563,-0.018650999292731285,0.9998210072517395,0,0,41.39778518676758,0,1,0.861312985420227,-0.023392999544739723,0.507535994052887,0,0.01991399936378002,0.9997259974479675,0.012281999923288822,0,-0.5076850056648254,-0.0004720000142697245,0.8615429997444153,0,0,50.907127380371094,0,1,0.9646639823913574,-0.2003369927406311,0.1711380034685135,0,0.18184299767017365,0.9762459993362427,0.11780299991369247,0,-0.19067299365997314,-0.0825200006365776,0.9781789779663086,0,6.501555919647217,4.708508014678955,0,1,0.9875050187110901,0.14542099833488464,-0.060717999935150146,0,-0.14041699469089508,0.9868670105934143,0.07985000312328339,0,0.0715320035815239,-0.07032699882984161,0.9949560165405273,0,1.2856199741363525,6.291968822479248,0,1,0.9728410243988037,-0.23142899572849274,-0.004600000102072954,0,0.23131099343299866,0.9727090001106262,-0.01822900027036667,0,0.008693000301718712,0.016669999808073044,0.9998229742050171,0,-0.38855698704719543,7.062751770019531,0,1,0.999360978603363,-0.0357230007648468,-0.000754999986384064,0,0.033362001180648804,0.9253129959106445,0.3777329921722412,0,-0.012795000337064266,-0.3775170147418976,0.9259139895439148,0,0,5.551045894622803,0,1,0.9988170266151428,0.04856399819254875,0.002319999970495701,0,-0.04819199815392494,0.9825999736785889,0.17937099933624268,0,0.006430999841541052,-0.17927099764347076,0.9837790131568909,0,-0.2370460033416748,10.696869850158691,0,1,0.9963880181312561,-0.08483099937438965,-0.003737000050023198,0,0.08280699700117111,0.9609950184822083,0.2638759911060333,0,-0.018792999908328056,-0.2632330060005188,0.9645490050315857,0,0.3691079914569855,8.683921813964844,0,1,-0.9641889929771423,-0.22434799373149872,0.14145000278949738,0,0.2523519992828369,-0.9401400089263916,0.22902999818325043,0,0.08160000294446945,0.2565230131149292,0.9630870223045349,0,15.292853355407715,-8.745742797851562,-0.448388010263443,1,0.9914559721946716,0.007809000089764595,0.13020500540733337,0,0.07834400236606598,0.762453019618988,-0.642283022403717,0,-0.10429099947214127,0.6469969749450684,0.7553269863128662,0,0,69.62959289550781,0,1,0.9780790209770203,0.01953200064599514,0.20731699466705322,0,-0.2048870027065277,0.2680889964103699,0.9413549900054932,0,-0.03719300031661987,-0.9631959795951843,0.2662140130996704,0,0,66.46956634521484,0,1,0.9997770190238953,0.000011000000085914508,-0.021098999306559563,0,0.012714000418782234,0.797747015953064,0.6028580069541931,0,0.01683799922466278,-0.6029919981956482,0.797569990158081,0,0,32.214900970458984,0,1,-0.9798759818077087,-0.14969100058078766,-0.13204200565814972,0,0.14103199541568756,-0.987330973148346,0.07271099835634232,0,-0.14125299453735352,0.05262500047683716,0.9885740280151367,0,-15.292853355407715,-8.745742797851562,-0.7227770090103149,1,0.992929995059967,0.042608000338077545,-0.11079300194978714,0,-0.08360400050878525,0.9136070013046265,-0.3979099988937378,0,0.08426699787378311,0.40435901284217834,0.9107099771499634,0,0,69.60496520996094,0,1,0.9784849882125854,-0.12109299749135971,-0.16704699397087097,0,0.20026999711990356,0.3628149926662445,0.9100859761238098,0,-0.049598000943660736,-0.9239599704742432,0.37926000356674194,0,0,66.515380859375,0,1,0.9997730255126953,-0.000009000000318337698,0.021316999569535255,0,-0.013055000454187393,0.7902820110321045,0.612604022026062,0,-0.01685200072824955,-0.6127430200576782,0.790103018283844,0,0,32.26641082763672,0,1
