0.733,30,21,41
B0,mixamorig_Hips,-1,0.9986202120780945,0.05047471448779106,0.012552525848150253,0,-0.0519830547273159,0.9608740210533142,0.271852046251297,0,0.0017169654602184892,-0.27214014530181885,0.9622226357460022,0,-4.203826904296875,138.95875549316406,-11.287738800048828,1
B1,mixamorig_Spine,0,0.9938572645187378,-0.10564614087343216,-0.03056643344461918,0,0.1070311963558197,0.9930356740951538,0.048200082033872604,0,0.025257492437958717,-0.05110679566860199,0.9983463883399963,0,0,15.739898681640625,-0.603721022605896,1
B2,mixamorig_Spine1,1,0.9992785453796387,-0.0279165618121624,-0.02553238347172737,0,0.029462184756994247,0.9976121187210083,0.0624486543238163,0,0.023727694526314735,-0.06315340846776962,0.9977162480354309,0,0,18.37672233581543,0,1
B3,mixamorig_Spine2,2,0.9992451667785645,-0.027547547593712807,-0.027205483987927437,0,0.029183346778154373,0.9976624846458435,0.06177582964301109,0,0.02543938346207142,-0.06252031028270721,0.997714102268219,0,0,21.00197410583496,0,1
B4,mixamorig_Neck,3,0.9980447292327881,0.05643245577812195,0.02676250971853733,0,-0.055584974586963654,0.9979404211044312,-0.031245535239577293,0,-0.028487587347626686,0.029694339260458946,0.9991315007209778,0,0,23.627208709716797,0,1
B5,mixamorig_Head,4,0.9966430068016052,0.05945272371172905,0.0562833771109581,0,-0.04938916489481926,0.9849187731742859,-0.16581985354423523,0,-0.06529270857572556,0.1624835729598999,0.984548807144165,0,0,16.79718017578125,2.068665027618408,1
B6,mixamorig_HeadTop_End,5,1,0,0,0,0,1,0,0,0,0,1,0,0,49.093017578125,6.046072959899902,1
B7,mixamorig_LeftShoulder,3,0.11294522881507874,0.010015293024480343,-0.9934437274932861,0,0.7767839431762695,-0.6242783069610596,0.08198904991149902,0,-0.6193733215332031,-0.7811278104782104,-0.07833679765462875,0,8.724262237548828,20.032114028930664,-0.13136400282382965,1
B8,mixamorig_LeftArm,7,0.9741670489311218,0.12874332070350647,-0.18042390048503876,0,-0.04788487032055855,0.9172810316085815,0.39356330037117004,0,0.2159220576286316,-0.37609440088272095,0.9005235433578491,0,0,18.97006607055664,0,1
B9,mixamorig_LeftForeArm,8,0.22566135227680206,0.9736682772636414,0.030622215941548347,0,-0.9737243056297302,0.22452259063720703,0.036622919142246246,0,0.028786828741431236,-0.03808239847421646,0.9988594055175781,0,0,41.39856719970703,0,1
B10,mixamorig_LeftHand,9,0.9290604591369629,0.36041781306266785,-0.08325700461864471,0,-0.3576509356498718,0.9326741099357605,0.04658517241477966,0,0.09442633390426636,-0.013505621813237667,0.9954280853271484,0,0,50.92203903198242,0,1
B11,mixamorig_LeftHandThumb1,10,0.9079564809799194,0.38669508695602417,-0.16148439049720764,0,-0.351626992225647,0.9125902652740479,0.2082483470439911,0,0.22792202234268188,-0.13228856027126312,0.9645642042160034,0,-6.465419769287109,4.1794562339782715,0,1
B12,mixamorig_LeftHandThumb2,11,0.9812396168708801,-0.18342037498950958,-0.059316348284482956,0,0.1893438696861267,0.9748085141181946,0.11786116659641266,0,0.03620334714651108,-0.12688305974006653,0.9912561178207397,0,-1.2832950353622437,6.0237507820129395,0,1
B13,mixamorig_LeftHandThumb3,12,0.9886828064918518,0.14262975752353668,-0.04360575973987579,0,-0.14899450540542603,0.9567323923110962,-0.24942249059677124,0,0.006087972316890955,0.25306445360183716,0.9674027562141418,0,-0.052048999816179276,7.114596843719482,0,1
B14,mixamorig_LeftHandThumb4,13,1,0,0,0,0,1,0,0,0,0,1,0,1.3353450298309326,5.6471052169799805,0,1
B15,mixamorig_LeftHandIndex1,10,0.964454710483551,0.21290813386440277,0.1561216562986374,0,-0.24848294258117676,0.5318402051925659,0.8087777495384216,0,0.08952046930789948,-0.8188573122024536,0.5659173727035522,0,0,6.805192947387695,0,1
B16,mixamorig_LeftHandIndex2,15,0.9993088841438293,0.03540027514100075,0.011129837483167648,0,-0.03323691710829735,0.7209094762802124,0.692061722278595,0,0.016506481915712357,-0.6919543147087097,0.7215914130210876,0,0.2715049982070923,10.595919609069824,0,1
B17,mixamorig_LeftHandIndex3,16,0.989624559879303,0.13889256119728088,0.03674672544002533,0,-0.1294655203819275,0.751231849193573,0.6471660137176514,0,0.06229006126523018,-0.6452089548110962,0.761421263217926,0,-0.3518730103969574,8.602864265441895,0,1
B18,mixamorig_LeftHandIndex4,17,1,0,0,0,0,1,0,0,0,0,1,0,0.08036799728870392,5.7108049392700195,0,1
B19,mixamorig_RightShoulder,3,0.11007287353277206,-0.014082908630371094,0.9937499165534973,0,-0.8372595310211182,-0.5400426387786865,0.08507106453180313,0,0.5354698300361633,-0.8415158987045288,-0.07126147300004959,0,-8.724262237548828,20.03261375427246,-0.14440399408340454,1
B20,mixamorig_RightArm,19,0.8462531566619873,-0.2120284140110016,0.48875436186790466,0,-0.08142425119876862,0.8549456000328064,0.5119999051094055,0,-0.5264497995376587,-0.47307947278022766,0.7062181234359741,0,0,18.97006607055664,0,1
B21,mixamorig_RightForeArm,20,0.3591427505016327,-0.9316931962966919,-0.026117540895938873,0,0.931745707988739,0.3581582307815552,0.03585616499185562,0,-0.024140525609254837,-0.037211593240499496,0.9990134835243225,0,0,41.39778518676758,0,1
B22,mixamorig_RightHand,21,0.9965094923973083,-0.06948057562112808,0.043577902019023895,0,0.07697226852178574,0.9752735495567322,-0.20702019333839417,0,-0.028094401583075523,0.20957864820957184,0.9772636890411377,0,0,50.907127380371094,0,1
B23,mixamorig_RightHandThumb1,22,0.8852331638336182,-0.4268610179424286,0.1847573071718216,0,0.3580544888973236,0.8789370059967041,0.31499218940734863,0,-0.29685693979263306,-0.21267837285995483,0.930905818939209,0,6.501555919647217,4.708508014678955,0,1
B24,mixamorig_RightHandThumb2,23,0.979579508304596,0.1924167424440384,0.058253414928913116,0,-0.19801294803619385,0.9735382199287415,0.11404964327812195,0,-0.034765224903821945,-0.12325768172740936,0.9917651414871216,0,1.2856199741363525,6.291968822479248,0,1
B25,mixamorig_RightHandThumb3,24,0.9972965121269226,-0.07017990946769714,-0.014204905368387699,0,0.06423747539520264,0.964675784111023,-0.2550044655799866,0,0.03164156153798103,0.25337475538253784,0.966829776763916,0,-0.38855698704719543,7.062751770019531,0,1
B26,mixamorig_RightHandThumb4,25,1,0,0,0,0,1,0,0,0,0,1,0,-0.8970630168914795,5.490105152130127,0,1
B27,mixamorig_RightHandIndex1,22,0.9791338443756104,-0.139591246843338,-0.14760521054267883,0,0.18318942189216614,0.2925451397895813,0.9382650852203369,0,-0.08789539337158203,-0.9457346796989441,0.3120274543762207,0,0,5.551045894622803,0,1
B28,mixamorig_RightHandIndex2,27,0.9980848431587219,-0.057300712913274765,-0.02328384667634964,0,0.05176250636577606,0.5678874850273132,0.8214335441589355,0,-0.03385453298687935,-0.8210662007331848,0.5697670578956604,0,-0.2370460033416748,10.696869850158691,0,1
B29,mixamorig_RightHandIndex3,28,0.9869989156723022,-0.15175437927246094,-0.052945446223020554,0,0.14072896540164948,0.6568456292152405,0.7407755255699158,0,-0.07763896882534027,-0.7385959029197693,0.6696619987487793,0,0.3691079914569855,8.683921813964844,0,1
B30,mixamorig_RightHandIndex4,29,1,0,0,0,0,1,0,0,0,0,1,0,-0.13206200301647186,6.829885959625244,0,1
B31,mixamorig_LeftUpLeg,0,-0.9873887300491333,0.15414035320281982,0.03461572900414467,0,-0.08124911040067673,-0.6821250915527344,0.7263563275337219,0,0.13562701642513275,0.7143955826759338,0.6860309839248657,0,15.292853355407715,-8.745742797851562,-0.448388010263443,1
B32,mixamorig_LeftLeg,31,0.9967397451400757,0.05422482639551163,0.059190161526203156,0,0.03740006685256958,0.3416919410228729,-0.9385285973548889,0,-0.07106613367795944,0.9376911520957947,0.33854225277900696,0,0,69.62959289550781,0,1
B33,mixamorig_LeftFoot,32,0.9675949215888977,0.030146870762109756,0.24977348744869232,0,-0.24892668426036835,-0.041570231318473816,0.9656221270561218,0,0.03856068477034569,-0.9967716932296753,-0.03273024037480354,0,0,66.46956634521484,0,1
B34,mixamorig_LeftToeBase,33,0.9999752044677734,-0.0005530492053367198,-0.006884999573230743,0,0.004912828095257282,0.7562606334686279,0.654208779335022,0,0.004853026941418648,-0.6542282700538635,0.7562442421913147,0,0,32.214900970458984,0,1
B35,mixamorig_LeftToe_End,34,1,0,0,0,0,1,0,0,0,0,1,0,0,12.213940620422363,0,1
B36,mixamorig_RightUpLeg,0,-0.9970776438713074,0.06226366385817528,-0.04199821874499321,0,-0.07334480434656143,-0.7663007974624634,0.6324901580810547,0,0.006843329407274723,0.6337983012199402,0.7685908079147339,0,-15.292853355407715,-8.745742797851562,-0.7227770090103149,1
B37,mixamorig_RightLeg,36,0.9913995265960693,-0.11340517550706863,-0.06503656506538391,0,-0.08131466805934906,-0.1461641639471054,-0.984253466129303,0,0.10246125608682632,0.9810744524002075,-0.15415352582931519,0,0,69.60496520996094,0,1
B38,mixamorig_RightFoot,37,0.9302424192428589,-0.3460652232170105,-0.1131587103009224,0,0.340616375207901,0.713314414024353,0.6116694808006287,0,-0.13024894893169403,-0.6074115633964539,0.7824252843856812,0,0,66.515380859375,0,1
B39,mixamorig_RightToeBase,38,0.995274543762207,0.03187930956482887,-0.09115970134735107,0,0.07436433434486389,0.3533288538455963,0.9313315153121948,0,0.061607491225004196,-0.9337722659111023,0.34928208589553833,0,0,32.26641082763672,0,1
B40,mixamorig_RightToe_End,39,1,0,0,0,0,1,0,0,0,0,1,0,0,12.417524337768555,0,1
@34,0,1,2,3,4,5,7,8,9,10,11,12,13,15,16,17,19,20,21,22,23,24,25,27,28,29,31,32,33,34,36,37,38,39
K0.000,0.9963639974594116,0.03948599845170975,0.07549300044775009,0,-0.06155499815940857,0.9462699890136719,0.3174639940261841,0,-0.05890199914574623,-0.3209570050239563,0.9452599883079529,0,0.03802400082349777,137.21066284179688,1.042404055595398,1,0.998166024684906,0.00394000019878149,-0.0604030005633831,0,-0.001930000027641654,0.9994440078735352,0.033295001834630966,0,0.06050100177526474,-0.03311700001358986,0.9976189732551575,0,0,15.739898681640625,-0.603721022605896,1,0.9990270137786865,0.015670999884605408,-0.04122700169682503,0,-0.013426000252366066,0.9984409809112549,0.05418600142002106,0,0.04201199859380722,-0.05358000099658966,0.9976789951324463,0,0,18.37672233581543,0,1,0.9989809989929199,0.017178000882267952,-0.041731998324394226,0,-0.014956999570131302,0.9984840154647827,0.05296599864959717,0,0.04257800057530403,-0.0522879995405674,0.9977239966392517,0,0,21.00197410583496,0,1,0.9997130036354065,0.023837000131607056,0.002406999934464693,0,-0.02354699932038784,0.9961060285568237,-0.08495700359344482,0,-0.004422999918460846,0.08487600088119507,0.9963819980621338,0,0,23.627208709716797,0,1,0.9977049827575684,-0.06324999779462814,-0.0241519995033741,0,0.05797300115227699,0.982358992099762,-0.17779399454593658,0,0.034970998764038086,0.17598600685596466,0.983771026134491,0,0,16.79718017578125,2.068665027618408,1,0.15469299256801605,0.010280000045895576,-0.9879090189933777,0,0.8316220045089722,-0.5411859750747681,0.12458900362253189,0,-0.5333619713783264,-0.8408399820327759,-0.0922669991850853,0,8.724262237548828,20.032114028930664,-0.13136400282382965,1,0.9166880249977112,0.11348800361156464,-0.38315001130104065,0,0.1079230010509491,0.8528820276260376,0.5108280181884766,0,0.3847540020942688,-0.5096210241317749,0.7695779800415039,0,0,18.97006607055664,0,1,0.2806769907474518,0.9593769907951355,0.02855299971997738,0,-0.9594330191612244,0.2796190083026886,0.03608499839901924,0,0.026635000482201576,-0.03752300143241882,0.9989410042762756,0,0,41.39856719970703,0,1,0.9495519995689392,0.3129410147666931,0.020447000861167908,0,-0.3111020028591156,0.9481850266456604,-0.06449899822473526,0,-0.03957200050354004,0.05488400161266327,0.9977080225944519,0,0,50.92203903198242,0,1,0.9200940132141113,0.3574100136756897,-0.16026900708675385,0,-0.3585929870605469,0.9332230091094971,0.022485999390482903,0,0.15760299563407898,0.036782000213861465,0.9868170022964478,0,-6.465419769287109,4.1794562339782715,0,1,0.9734299778938293,-0.21762999892234802,-0.07120999693870544,0,0.22509999573230743,0.9665060043334961,0.12327399849891663,0,0.04199700057506561,-0.1360280066728592,0.9898139834403992,0,-1.2832950353622437,6.0237507820129395,0,1,0.9299749732017517,0.36676499247550964,-0.02509400062263012,0,-0.35714301466941833,0.8851749897003174,-0.29818299412727356,0,-0.08715000003576279,0.28626498579978943,0.9541789889335632,0,-0.052048999816179276,7.114596843719482,0,1,0.9296730160713196,0.1902959942817688,0.3154279887676239,0,-0.33015701174736023,0.050581999123096466,0.9425699710845947,0,0.16341200470924377,-0.9804229736328125,0.10985299944877625,0,0,6.805192947387695,0,1,0.9977949857711792,0.0605119988322258,0.02724899910390377,0,-0.05621999874711037,0.5525550246238708,0.8315780162811279,0,0.03526400029659271,-0.8312770128250122,0.5547389984130859,0,0.2715049982070923,10.595919609069824,0,1,0.987667977809906,0.14882700145244598,0.04859599843621254,0,-0.13689899444580078,0.6703850030899048,0.7292760014533997,0,0.0759579986333847,-0.7269350290298462,0.6824920177459717,0,-0.3518730103969574,8.602864265441895,0,1,0.08869300037622452,-0.01193500030785799,0.9959880113601685,0,-0.873432993888855,-0.48159098625183105,0.07200799882411957,0,0.4787999987602234,-0.8763149976730347,-0.05313799902796745,0,-8.724262237548828,20.03261375427246,-0.14440399408340454,1,0.8933759927749634,-0.2323790043592453,0.3845509886741638,0,0.06577599793672562,0.9142900109291077,0.39968499541282654,0,-0.44446900486946106,-0.3317750096321106,0.8320890069007874,0,0,18.97006607055664,0,1,0.15873800218105316,-0.9867410063743591,-0.03382899984717369,0,0.9867969751358032,0.1574449986219406,0.037974998354911804,0,-0.032145000994205475,-0.03941100090742111,0.9987059831619263,0,0,41.39778518676758,0,1,0.9870759844779968,-0.1548369973897934,0.04131399840116501,0,0.15872099995613098,0.9801560044288635,-0.11874700337648392,0,-0.02210799977183342,0.12376999855041504,0.9920650124549866,0,0,50.907127380371094,0,1,0.9074299931526184,-0.39631301164627075,0.13966399431228638,0,0.36159199476242065,0.905784010887146,0.22092099487781525,0,-0.2140589952468872,-0.14996899664402008,0.9652400016784668,0,6.501555919647217,4.708508014678955,0,1,0.9863659739494324,0.15756100416183472,0.04749700054526329,0,-0.1619040071964264,0.9808070063591003,0.10864900052547455,0,-0.029465999454259872,-0.1148580014705658,0.9929450154304504,0,1.2856199741363525,6.291968822479248,0,1,0.9863560199737549,0.16402900218963623,0.014037000015377998,0,-0.15750999748706818,0.9650689959526062,-0.20936299860477448,0,-0.047887999564409256,0.20429499447345734,0.9777370095252991,0,-0.38855698704719543,7.062751770019531,0,1,0.9882820248603821,-0.13007499277591705,-0.07986900210380554,0,0.14143699407577515,0.5836359858512878,0.7996029853820801,0,-0.05739400163292885,-0.8015289902687073,0.5951949954032898,0,0,5.551045894622803,0,1,0.9989269971847534,-0.04397699981927872,-0.014541000127792358,0,0.04006500169634819,0.6628530025482178,0.7476770281791687,0,-0.023242000490427017,-0.7474570274353027,0.663902997970581,0,-0.2370460033416748,10.696869850158691,0,1,0.987267017364502,-0.15060199797153473,-0.05120699852705002,0,0.13989600539207458,0.6688269972801208,0.730135977268219,0,-0.07571099698543549,-0.7280030250549316,0.6813799738883972,0,0.3691079914569855,8.683921813964844,0,1,-0.996550977230072,0.036403998732566833,0.0745759978890419,0,0.04483899846673012,-0.5199710130691528,0.8530060052871704,0,0.0698309987783432,0.8534079790115356,0.5165449976921082,0,15.292853355407715,-8.745742797851562,-0.448388010263443,1,0.9910680055618286,-0.1322840005159378,0.01690700091421604,0,-0.008844999596476555,-0.19169600307941437,-0.9814149737358093,0,0.13306599855422974,0.9724990129470825,-0.19115400314331055,0,0,69.62959289550781,0,1,0.9264100193977356,0.17095600068569183,0.33546701073646545,0,-0.37226200103759766,0.5494329929351807,0.7480279803276062,0,-0.05643700063228607,-0.8178619742393494,0.5726400017738342,0,0,66.46956634521484,0,1,0.9995899796485901,-0.00007500000356230885,-0.02863599918782711,0,0.016519999131560326,0.8183310031890869,0.5745099782943726,0,0.02339000068604946,-0.5747479796409607,0.8179960250854492,0,0,32.214900970458984,0,1,-0.9971659779548645,-0.0570949986577034,-0.048990000039339066,0,0.011846999637782574,-0.7622249722480774,0.6472039818763733,0,-0.07429400086402893,0.6447889804840088,0.7607409954071045,0,-15.292853355407715,-8.745742797851562,-0.7227770090103149,1,0.9966490268707275,0.05568400025367737,-0.05991100147366524,0,-0.07515700161457062,0.3344759941101074,-0.9394029974937439,0,-0.03227100148797035,0.9407579898834229,0.33754000067710876,0,0,69.60496520996094,0,1,0.9597749710083008,-0.09274599701166153,-0.2650099992752075,0,0.24018199741840363,-0.2176239937543869,0.9460189938545227,0,-0.14541199803352356,-0.9716160297393799,-0.18659399449825287,0,0,66.515380859375,0,1,0.9997349977493286,0,0.023027999326586723,0,-0.01396500039845705,0.7951250076293945,0.6062840223312378,0,-0.018309999257326126,-0.6064450144767761,0.7949140071868896,0,0,32.26641082763672,0,1
K0.033,0.9968479871749878,0.045595407485961914,0.06492984294891357,0,-0.06337833404541016,0.9499279856681824,0.3059728145599365,0,-0.04772774502635002,-0.30912381410598755,0.9498230814933777,0,-0.3465277850627899,142.6511688232422,-0.26765871047973633,1,0.9956390261650085,0.00003561015910236165,-0.09329415112733841,0,0.0026283985935151577,0.9995920062065125,0.028426023200154305,0,0.09325713664293289,-0.02854706533253193,0.9952329993247986,0,0,15.739898681640625,-0.603721022605896,1,0.9983230233192444,0.004924924578517675,-0.05767306685447693,0,-0.0019009194802492857,0.9986259937286377,0.05237402766942978,0,0.05785106122493744,-0.052177030593156815,0.9969609975814819,0,0,18.37672233581543,0,1,0.9982659816741943,0.006708927918225527,-0.05848606675863266,0,-0.0037149228155612946,0.9986839890480042,0.05115702748298645,0,0.058752063661813736,-0.05085102841258049,0.9969769716262817,0,0,21.00197410583496,0,1,0.9997169971466064,0.02089795283973217,0.011342077516019344,0,-0.020045951008796692,0.9972959756851196,-0.07069788128137589,0,-0.012789071537554264,0.07045087963342667,0.9974330067634583,0,0,23.627208709716797,0,1,0.9993379712104797,-0.028952768072485924,0.022037431597709656,0,0.03196181729435921,0.9879550337791443,-0.15140773355960846,0,-0.017388466745615005,0.15201173722743988,0.9882259964942932,0,0,16.79718017578125,2.068665027618408,1,0.1228858157992363,0.01192000973969698,-0.9923490285873413,0,0.8434260487556458,-0.5282129645347595,0.09809884428977966,0,-0.5230019688606262,-0.8490280508995056,-0.07496390491724014,0,8.724262237548828,20.032114028930664,-0.13136400282382965,1,0.8885788321495056,0.09239982813596725,-0.44932231307029724,0,0.14073312282562256,0.8773571848869324,0.45873457193374634,0,0.43660327792167664,-0.4708566665649414,0.7665970325469971,0,0,18.97006607055664,0,1,0.18406924605369568,0.9823861122131348,0.032186031341552734,0,-0.9824421405792236,0.18286924064159393,0.03695100545883179,0,0.030414029955863953,-0.03842300549149513,0.9987990260124207,0,0,41.39856719970703,0,1,0.950223982334137,0.3027608394622803,-0.073551245033741,0,-0.30008482933044434,0.9528350830078125,0.045317213982343674,0,0.08380229026079178,-0.020990146324038506,0.996260941028595,0,0,50.92203903198242,0,1,0.9219520092010498,0.3529529571533203,-0.15946100652217865,0,-0.3579989969730377,0.9337170124053955,-0.0031330944038927555,0,0.14778496325016022,0.05997508391737938,0.9871990084648132,0,-6.465419769287109,4.1794562339782715,0,1,0.9722549915313721,-0.22228701412677765,-0.07286300510168076,0,0.22998301684856415,0.9652590155601501,0.12402500212192535,0,0.04276300221681595,-0.1373409926891327,0.9896000027656555,0,-1.2832950353622437,6.0237507820129395,0,1,0.9178089499473572,0.3963471055030823,-0.023159991949796677,0,-0.38419309258461,0.871925950050354,-0.30354902148246765,0,-0.1001170426607132,0.28749799728393555,0.952534019947052,0,-0.052048999816179276,7.114596843719482,0,1,0.924472987651825,0.1790979504585266,0.33656108379364014,0,-0.33883604407310486,-0.018674254417419434,0.9406599998474121,0,0.1747550517320633,-0.9836540222167969,0.04342075437307358,0,0,6.805192947387695,0,1,0.9975249767303467,0.06365501135587692,0.029874010011553764,0,-0.059028010815382004,0.5271768569946289,0.8477030396461487,0,0.03821201249957085,-0.847368061542511,0.5296288728713989,0,0.2715049982070923,10.595919609069824,0,1,0.9873930215835571,0.15007799863815308,0.050307005643844604,0,-0.13779200613498688,0.6585759520530701,0.7397910356521606,0,0.07789500802755356,-0.7373970746994019,0.6709529161453247,0,-0.3518730103969574,8.602864265441895,0,1,0.08588289469480515,-0.011661019176244736,0.9962369799613953,0,-0.8728479743003845,-0.48300501704216003,0.06959189474582672,0,0.4803750216960907,-0.875540018081665,-0.051659971475601196,0,-8.724262237548828,20.03261375427246,-0.14440399408340454,1,0.883808970451355,-0.2149009257555008,0.41557106375694275,0,0.036987874656915665,0.917576014995575,0.3958360552787781,0,-0.46638303995132446,-0.33447209000587463,0.8189109563827515,0,0,18.97006607055664,0,1,0.006041722372174263,-0.9991929531097412,-0.039705049246549606,0,0.9992499351501465,0.004514719825237989,0.03845399618148804,0,-0.03824405372142792,-0.039907995611429214,0.9984710216522217,0,0,41.39778518676758,0,1,0.9890429973602295,-0.14729081094264984,-0.010009397752583027,0,0.14231672883033752,0.9692779779434204,-0.2006140649318695,0,0.03925035521388054,0.19699101150035858,0.979619026184082,0,0,50.907127380371094,0,1,0.9100260138511658,-0.3925989866256714,0.1331089735031128,0,0.3616830110549927,0.9088360071182251,0.20785395801067352,0,-0.20257695019245148,-0.14100897312164307,0.969061017036438,0,6.501555919647217,4.708508014678955,0,1,0.9871910214424133,0.15275798738002777,0.046042997390031815,0,-0.1569409817457199,0.9816939830780029,0.10792200267314911,0,-0.028713997453451157,-0.11376599222421646,0.9930930137634277,0,1.2856199741363525,6.291968822479248,0,1,0.9805229902267456,0.1954951137304306,0.018857019022107124,0,-0.1877610981464386,0.961217999458313,-0.20200496912002563,0,-0.05761703476309776,0.1945299506187439,0.9792029857635498,0,-0.38855698704719543,7.062751770019531,0,1,0.9893739819526672,-0.12679198384284973,-0.07115496695041656,0,0.13499897718429565,0.6193841099739075,0.7733938694000244,0,-0.05398798733949661,-0.7747818827629089,0.6299201250076294,0,0,5.551045894622803,0,1,0.999023973941803,-0.042069993913173676,-0.013468996621668339,0,0.0383639931678772,0.6751410365104675,0.7366909384727478,0,-0.021898994222283363,-0.7364879250526428,0.6760960817337036,0,-0.2370460033416748,10.696869850158691,0,1,0.9873039722442627,-0.1504420042037964,-0.050971001386642456,0,0.13977999985218048,0.6704559922218323,0.7286630272865295,0,-0.07544700056314468,-0.7265369892120361,0.6829730272293091,0,0.3691079914569855,8.683921813964844,0,1,-0.9968739748001099,0.04473939538002014,0.06511257588863373,0,0.03533342480659485,-0.4846741259098053,0.8739809393882751,0,0.07065913826227188,0.8735498785972595,0.48157915472984314,0,15.292853355407715,-8.745742797851562,-0.448388010263443,1,0.9903950095176697,-0.13823381066322327,-0.00292918155901134,0,-0.004815938416868448,-0.013314002193510532,-0.9998998045921326,0,0.13818082213401794,0.9903098344802856,-0.013852008618414402,0,0,69.62959289550781,0,1,0.9326499700546265,0.16025763750076294,0.3232363164424896,0,-0.35759207606315613,0.5295027494430542,0.7692561149597168,0,-0.04787535220384598,-0.8330332040786743,0.5511476397514343,0,0,66.46956634521484,0,1,0.9965940117835999,-0.05216091871261597,0.06386794149875641,0,0.0025139551144093275,0.793380856513977,0.6087211966514587,0,-0.0824229046702385,-0.6064871549606323,0.7908098697662354,0,0,32.214900970458984,0,1,-0.9949509501457214,-0.040820494294166565,-0.0916885957121849,0,-0.0035374450962990522,-0.8987236618995667,0.43850013613700867,0,-0.10030343383550644,0.4366101920604706,0.8940415978431702,0,-15.292853355407715,-8.745742797851562,-0.7227770090103149,1,0.9956650137901306,0.09153416752815247,-0.01653945818543434,0,-0.06512685120105743,0.5590685606002808,-0.8265587687492371,0,-0.06641235947608948,0.8240526914596558,0.5626065135002136,0,0,69.60496520996094,0,1,0.9606559872627258,-0.09349225461483002,-0.26153093576431274,0,0.23805305361747742,-0.20790590345859528,0.9487391710281372,0,-0.1430729627609253,-0.9736701250076294,-0.1774698793888092,0,0,66.515380859375,0,1,0.9996770024299622,0.00003405679308343679,0.02539646439254284,0,-0.015206663869321346,0.8017482757568359,0.5974687933921814,0,-0.020341575145721436,-0.5976617932319641,0.8014902472496033,0,0,32.26641082763672,0,1
K0.067,0.9950519800186157,0.08607959747314453,0.04961215332150459,0,-0.09680666774511337,0.9523490071296692,0.28923916816711426,0,-0.0223502516746521,-0.29261016845703125,0.9559709429740906,0,-0.7235332727432251,146.7849578857422,-1.9379714727401733,1,0.9933599829673767,-0.03892461210489273,-0.10826285183429718,0,0.04247360676527023,0.9986270070075989,0.030664978548884392,0,0.10692086815834045,-0.035059936344623566,0.9936490058898926,0,0,15.739898681640625,-0.603721022605896,1,0.9979339838027954,-0.0026219249702990055,-0.06419093161821365,0,0.006151919718831778,0.9984750151634216,0.054861973971128464,0,0.06394994258880615,-0.055143970996141434,0.9964280128479004,0,0,18.37672233581543,0,1,0.9978640079498291,-0.0004879284533672035,-0.06532693654298782,0,0.003998923115432262,0.998553991317749,0.05361297354102135,0,0.06520593166351318,-0.053759969770908356,0.9964230060577393,0,0,21.00197410583496,0,1,0.9996860027313232,0.016308045014739037,0.019039923325181007,0,-0.015163048170506954,0.9981549978256226,-0.05879411846399307,0,-0.019963929429650307,0.058487121015787125,0.9980890154838562,0,0,23.627208709716797,0,1,0.9978510141372681,-0.005728230811655521,0.06527157127857208,0,0.013823180459439754,0.9921549558639526,-0.12424926459789276,0,-0.06404753774404526,0.12488427013158798,0.9901019930839539,0,0,16.79718017578125,2.068665027618408,1,0.10440418869256973,0.012814990244805813,-0.9944519996643066,0,0.8504409193992615,-0.5195470452308655,0.08258915692567825,0,-0.5156060457229614,-0.8543459177017212,-0.06514109671115875,0,8.724262237548828,20.032114028930664,-0.13136400282382965,1,0.8729651570320129,0.07562516629695892,-0.4818856716156006,0,0.15218888223171234,0.8963668346405029,0.4163724184036255,0,0.46343374252319336,-0.43681633472442627,0.7709869146347046,0,0,18.97006607055664,0,1,0.10825274884700775,0.9935058951377869,0.035037972033023834,0,-0.9935628771781921,0.10694075375795364,0.03736899793148041,0,0.0333789698779583,-0.038857996463775635,0.9986870288848877,0,0,41.39856719970703,0,1,0.9526360034942627,0.2878401577472687,-0.09815175086259842,0,-0.28229817748069763,0.9570109248161316,0.06662178784608841,0,0.11310870945453644,-0.03575785458087921,0.9929390549659729,0,0,50.92203903198242,0,1,0.9226469993591309,0.3512880206108093,-0.15912100672721863,0,-0.35768499970436096,0.933758020401001,-0.012560905888676643,0,0.14416803419589996,0.06850391626358032,0.9871789813041687,0,-6.465419769287109,4.1794562339782715,0,1,0.9718160033226013,-0.22399897873401642,-0.0734729915857315,0,0.23177897930145264,0.9647939801216125,0.12430199980735779,0,0.043042995035648346,-0.1378280073404312,0.9895200133323669,0,-1.2832950353622437,6.0237507820129395,0,1,0.9130890369415283,0.4071398675441742,-0.022477006539702415,0,-0.3940429091453552,0.8668530583381653,-0.30544397234916687,0,-0.10487395524978638,0.28775501251220703,0.9519450068473816,0,-0.052048999816179276,7.114596843719482,0,1,0.9225490093231201,0.17448905110359192,0.34417590498924255,0,-0.3418639600276947,-0.04410674795508385,0.9387140274047852,0,0.17897595465183258,-0.9836710095405579,0.018961243331432343,0,0,6.805192947387695,0,1,0.9974210262298584,0.06479198485612869,0.030863991007208824,0,-0.060038987547159195,0.5177121162414551,0.8534459471702576,0,0.039317987859249115,-0.8530979156494141,0.520267128944397,0,0.2715049982070923,10.595919609069824,0,1,0.9872919917106628,0.15053200721740723,0.05094299092888832,0,-0.13811300694942474,0.6541870832443237,0.743614912033081,0,0.07861099392175674,-0.7412009239196777,0.6666640639305115,0,-0.3518730103969574,8.602864265441895,0,1,0.07536610215902328,-0.013632980175316334,0.9970629811286926,0,-0.8719220161437988,-0.4860449731349945,0.059261105954647064,0,0.4838089644908905,-0.8738269805908203,-0.04851802811026573,0,-8.724262237548828,20.03261375427246,-0.14440399408340454,1,0.8826469779014587,-0.20784607529640198,0.42158594727516174,0,0.024323126301169395,0.9159160256385803,0.4006309509277344,0,-0.46940696239471436,-0.34336191415786743,0.8134860396385193,0,0,18.97006607055664,0,1,-0.12167173624038696,-0.991567075252533,-0.044620949774980545,0,0.991623044013977,-0.12339572608470917,0.03816000372171402,0,-0.043344948440790176,-0.039604004472494125,0.9982749819755554,0,0,41.39778518676758,0,1,0.9905750155448914,-0.1276101917028427,-0.049773603677749634,0,0.11484527587890625,0.9718070030212402,-0.2059149444103241,0,0.07464765012264252,0.19825798273086548,0.9773030281066895,0,0,50.907127380371094,0,1,0.9109539985656738,-0.3912619948387146,0.1306760311126709,0,0.36169299483299255,0.9099199771881104,0.20303404331207275,0,-0.19834405183792114,-0.13769103586673737,0.9704130291938782,0,6.501555919647217,4.708508014678955,0,1,0.9874870181083679,0.15098901093006134,0.0455080047249794,0,-0.15511301159858704,0.9820129871368408,0.10765600204467773,0,-0.028435001149773598,-0.1133670061826706,0.9931460022926331,0,1.2856199741363525,6.291968822479248,0,1,0.9781200289726257,0.20700988173484802,0.020694982260465622,0,-0.19886688888072968,0.9595609903335571,-0.19923503696918488,0,-0.061101965606212616,0.1907600462436676,0.9797329902648926,0,-0.38855698704719543,7.062751770019531,0,1,0.9897630214691162,-0.12548401951789856,-0.06798902899026871,0,0.13259202241897583,0.632236897945404,0.7633461356163025,0,-0.05280300974845886,-0.7645460963249207,0.6424028873443604,0,0,5.551045894622803,0,1,0.9990580081939697,-0.04136400669813156,-0.013083003461360931,0,0.03773200884461403,0.6796169281005859,0.7325960397720337,0,-0.02141200564801693,-0.7324000597000122,0.6805379390716553,0,-0.2370460033416748,10.696869850158691,0,1,0.9873179793357849,-0.15038199722766876,-0.050884000957012177,0,0.13973599672317505,0.671055018901825,0.7281200289726257,0,-0.07535000145435333,-0.7259960174560547,0.683559000492096,0,0.3691079914569855,8.683921813964844,0,1,-0.9961789846420288,0.08430860191583633,0.02280542068183422,0,-0.022068429738283157,-0.4956248700618744,0.8682560324668884,0,0.0845048651099205,0.8644351363182068,0.4955918490886688,0,15.292853355407715,-8.745742797851562,-0.448388010263443,1,0.9927589893341064,-0.11826120316982269,-0.021078819409012794,0,0.0013389388332143426,0.18635602295398712,-0.9824811816215515,0,0.12011817842721939,0.9753381013870239,0.18516501784324646,0,0,69.62959289550781,0,1,0.9262670874595642,0.12471234798431396,0.3556346595287323,0,-0.3675259053707123,0.5077252388000488,0.7791918516159058,0,-0.08338964730501175,-0.8524448275566101,0.5161243677139282,0,0,66.46956634521484,0,1,0.9973419904708862,-0.04397008195519447,0.0580950565636158,0,-0.0019679556135088205,0.7808181047439575,0.6247548460960388,0,-0.07283210009336472,-0.6232088208198547,0.7786561250686646,0,0,32.214900970458984,0,1,-0.9884710311889648,0.009983494877815247,-0.15107840299606323,0,-0.04801855608820915,-0.9669833183288574,0.25027287006378174,0,-0.14359156787395477,0.2546428143978119,0.9563153982162476,0,-15.292853355407715,-8.745742797851562,-0.7227770090103149,1,0.9934870004653931,0.10757984220981598,0.037546463310718536,0,-0.05051814392209053,0.7112324833869934,-0.7011382579803467,0,-0.1021326407790184,0.6946753263473511,0.7120355367660522,0,0,69.60496520996094,0,1,0.9598860144615173,-0.11856775730848312,-0.2540890574455261,0,0.24328695237636566,-0.09832208603620529,0.9649578332901001,0,-0.13939502835273743,-0.9880658984184265,-0.06553211063146591,0,0,66.515380859375,0,1,0.999584972858429,0.005709943827241659,-0.028222467750310898,0,0.018372666090726852,0.6282417178153992,0.7778002023696899,0,0.02217157743871212,-0.7779961824417114,0.6278766989707947,0,0,32.26641082763672,0,1
K0.100,0.9893090128898621,0.14378200471401215,0.024373002350330353,0,-0.14498299360275269,0.9516869783401489,0.2706890106201172,0,0.015724997967481613,-0.27132800221443176,0.9623579978942871,0,-1.3716479539871216,150.35903930664062,-3.7610199451446533,1,0.9882190227508545,-0.10002599656581879,-0.11583899706602097,0,0.10488399863243103,0.9938099980354309,0.03661299869418144,0,0.11145900189876556,-0.04833099991083145,0.992592990398407,0,0,15.739898681640625,-0.603721022605896,1,0.9979259967803955,-0.010923000052571297,-0.0634320005774498,0,0.014725999906659126,0.9981020092964172,0.05979200080037117,0,0.06265799701213837,-0.06060200184583664,0.996192991733551,0,0,18.37672233581543,0,1,0.9978659749031067,-0.008604000322520733,-0.06473200023174286,0,0.012416999787092209,0.9981970191001892,0.05873199924826622,0,0.06411000341176987,-0.059411000460386276,0.9961730241775513,0,0,21.00197410583496,0,1,0.9996669888496399,0.003733000485226512,0.02551800012588501,0,-0.0026820003986358643,0.9991499781608582,-0.041124001145362854,0,-0.02565000019967556,0.04104200005531311,0.9988279938697815,0,0,23.627208709716797,0,1,0.992929995059967,0.023917997255921364,0.11626400053501129,0,-0.012051998637616634,0.9947410225868225,-0.10171200335025787,0,-0.11808600276708603,0.09959200024604797,0.9879969954490662,0,0,16.79718017578125,2.068665027618408,1,0.08204399794340134,0.014152999967336655,-0.9965280294418335,0,0.8606240153312683,-0.5052440166473389,0.063680000603199,0,-0.5025879740715027,-0.8628609776496887,-0.05363199859857559,0,8.724262237548828,20.032114028930664,-0.13136400282382965,1,0.8557829856872559,0.03727399930357933,-0.5159909725189209,0,0.17497999966144562,0.9177610278129578,0.35650599002838135,0,0.486844003200531,-0.3953799903392792,0.7788820266723633,0,0,18.97006607055664,0,1,-0.014577994123101234,0.9991070032119751,0.03965799883008003,0,-0.9991639852523804,-0.01607099361717701,0.0375789999961853,0,0.038182999938726425,-0.039076998829841614,0.9985060095787048,0,0,41.39856719970703,0,1,0.96595698595047,0.25063300132751465,-0.06410399824380875,0,-0.24380099773406982,0.9648119807243347,0.09848099946975708,0,0.08653099834918976,-0.0794999971985817,0.993071973323822,0,0,50.92203903198242,0,1,0.9223420023918152,0.3520190119743347,-0.15927299857139587,0,-0.3578279912471771,0.9337490200996399,-0.008427999913692474,0,0.14575399458408356,0.06476599723100662,0.9871990084648132,0,-6.465419769287109,4.1794562339782715,0,1,0.972009003162384,-0.22324900329113007,-0.07320600003004074,0,0.23099200427532196,0.9649990200996399,0.12417999655008316,0,0.04292000085115433,-0.13761399686336517,0.9895560145378113,0,-1.2832950353622437,6.0237507820129395,0,1,0.9151740074157715,0.4024139940738678,-0.02277499996125698,0,-0.3897309899330139,0.8690900206565857,-0.3046180009841919,0,-0.1027889996767044,0.2876549959182739,0.9522020220756531,0,-0.052048999816179276,7.114596843719482,0,1,0.9233930110931396,0.17654100060462952,0.34084999561309814,0,-0.34054800868034363,-0.03296300023794174,0.9396489858627319,0,0.17712199687957764,-0.9837409853935242,0.029682999476790428,0,0,6.805192947387695,0,1,0.9974669814109802,0.0642940029501915,0.030429000034928322,0,-0.05959700047969818,0.5218690037727356,0.850941002368927,0,0.03883099928498268,-0.8505989909172058,0.5243790149688721,0,0.2715049982070923,10.595919609069824,0,1,0.9873359799385071,0.1503330022096634,0.05066300183534622,0,-0.13797199726104736,0.6561139822006226,0.7419419884681702,0,0.07829800248146057,-0.7395359873771667,0.6685469746589661,0,-0.3518730103969574,8.602864265441895,0,1,0.1252029985189438,-0.01593800075352192,0.9920030236244202,0,-0.8814060091972351,-0.4608039855957031,0.10384099930524826,0,0.4554640054702759,-0.8873590230941772,-0.0717419981956482,0,-8.724262237548828,20.03261375427246,-0.14440399408340454,1,0.9060360193252563,-0.16025300323963165,0.39168500900268555,0,-0.03690199553966522,0.8920900225639343,0.45034798979759216,0,-0.4215880036354065,-0.42248600721359253,0.802353024482727,0,0,18.97006607055664,0,1,-0.28679800033569336,-0.956633985042572,-0.050974998623132706,0,0.9566890001296997,-0.2887760102748871,0.03681600093841553,0,-0.04994000121951103,-0.0382080003619194,0.9980210065841675,0,0,41.39778518676758,0,1,0.9954460263252258,-0.07204099744558334,-0.06242299824953079,0,0.0626169964671135,0.9879379868507385,-0.14162500202655792,0,0.0718730017542839,0.13707099854946136,0.9879500269889832,0,0,50.907127380371094,0,1,0.910548985004425,-0.3918460011482239,0.13174399733543396,0,0.3616900146007538,0.9094470143318176,0.20514799654483795,0,-0.20020100474357605,-0.13914699852466583,0.9698240160942078,0,6.501555919647217,4.708508014678955,0,1,0.9873579740524292,0.15176400542259216,0.04574200138449669,0,-0.15591399371623993,0.9818739891052246,0.10777200013399124,0,-0.028557000681757927,-0.11354199796915054,0.9931229948997498,0,1.2856199741363525,6.291968822479248,0,1,0.97919100522995,0.20196600258350372,0.019884999841451645,0,-0.1940000057220459,0.9603040218353271,-0.20045199990272522,0,-0.059579998254776,0.1924230009317398,0.9795020222663879,0,-0.38855698704719543,7.062751770019531,0,1,0.9895939826965332,-0.12606100738048553,-0.06937599927186966,0,0.13364900648593903,0.6266229748725891,0.7677770256996155,0,-0.053314000368118286,-0.7690590023994446,0.6369500160217285,0,0,5.551045894622803,0,1,0.9990429878234863,-0.04167399927973747,-0.013252000324428082,0,0.038008999079465866,0.6776580214500427,0.7343940138816833,0,-0.02162499912083149,-0.7341949939727783,0.6785939931869507,0,-0.2370460033416748,10.696869850158691,0,1,0.9873120188713074,-0.15040799975395203,-0.05092199891805649,0,0.1397559940814972,0.6707929968833923,0.7283579707145691,0,-0.07539299875497818,-0.7262330055236816,0.6833019852638245,0,0.3691079914569855,8.683921813964844,0,1,-0.990975022315979,0.11943399906158447,-0.06085499748587608,0,-0.11274499446153641,-0.49710899591445923,0.8603320121765137,0,0.07250099629163742,0.8594290018081665,0.5060880184173584,0,15.292853355407715,-8.745742797851562,-0.448388010263443,1,0.9978200197219849,-0.06102900207042694,-0.02510100044310093,0,0.008383000269532204,0.49452298879623413,-0.8691239953041077,0,0.06545399874448776,0.86701899766922,0.4939559996128082,0,0,69.62959289550781,0,1,0.8898860216140747,0.0002530055644456297,0.45618298649787903,0,-0.3736580014228821,0.574059009552002,0.7285850048065186,0,-0.26169198751449585,-0.8188139796257019,0.5109419822692871,0,0,66.46956634521484,0,1,0.9992219805717468,-0.0006580019253306091,-0.03944099694490433,0,0.021577998995780945,0.8461300134658813,0.5325400233268738,0,0.0330209955573082,-0.5329769849777222,0.8454849720001221,0,0,32.214900970458984,0,1,-0.9717689752578735,0.07245200127363205,-0.2245350033044815,0,-0.10965300351381302,-0.9813460111618042,0.15791399776935577,0,-0.20890599489212036,0.17807699739933014,0.9615859985351562,0,-15.292853355407715,-8.745742797851562,-0.7227770090103149,1,0.9896600246429443,0.11740999668836594,0.08239500224590302,0,-0.03053399920463562,0.7337160110473633,-0.6787689924240112,0,-0.14014899730682373,0.6692349910736084,0.7297149896621704,0,0,69.60496520996094,0,1,0.951839029788971,-0.14314299821853638,-0.2711310088634491,0,0.2875159978866577,0.10963398963212967,0.951479971408844,0,-0.10647200047969818,-0.983610987663269,0.14550898969173431,0,0,66.515380859375,0,1,0.9919999837875366,0.04951799660921097,-0.11611699312925339,0,0.10273699462413788,0.2177950143814087,0.9705719947814941,0,0.07334999740123749,-0.9747380018234253,0.21096500754356384,0,0,32.26641082763672,0,1
