0.967,30,29,41
B0,mixamorig_Hips,-1,0.9908023476600647,0.12293022125959396,0.05648170784115791,0,-0.12262728810310364,0.9924108982086182,-0.008795485831797123,0,-0.0571349635720253,0.0017925807042047381,0.9983628392219543,0,8.73230266571045,158.96420288085938,4.229165077209473,1
B1,mixamorig_Spine,0,0.9995103478431702,-0.029301989823579788,-0.010497898794710636,0,0.02958131581544876,0.9991592168807983,0.02809414640069008,0,0.00967390462756157,-0.02839648723602295,0.999543309211731,0,0,15.739898681640625,-0.603721022605896,1
B2,mixamorig_Spine1,1,0.9992422461509705,-0.034347936511039734,-0.017832906916737556,0,0.03477245196700096,0.9991006851196289,0.024201571941375732,0,0.016986357048153877,-0.024809593334794044,0.9995406866073608,0,0,18.37672233581543,0,1
B3,mixamorig_Spine2,2,0.9989004135131836,-0.044190775603055954,-0.015125471167266369,0,0.04331350699067116,0.9975988864898682,-0.05401065945625305,0,0.017476705834269524,0.053290627896785736,0.9984185695648193,0,0,21.00197410583496,0,1
B4,mixamorig_Neck,3,0.9982163906097412,-0.059657592326402664,-0.00008810009603621438,0,0.05958776921033859,0.997016191482544,-0.04900459945201874,0,0.003009912557899952,0.04891078546643257,0.9987929463386536,0,0,23.627208709716797,0,1
B5,mixamorig_Head,4,0.9996513724327087,-0.0074596647173166275,0.023464834317564964,0,0.00811681803315878,0.9995332360267639,-0.0290180966258049,0,-0.023226656019687653,0.029162494465708733,0.9992645382881165,0,0,16.79718017578125,2.068665027618408,1
B6,mixamorig_HeadTop_End,5,1,0,0,0,0,1,0,0,0,0,1,0,0,49.093017578125,6.046072959899902,1
B7,mixamorig_LeftShoulder,3,0.18987074494361877,0.10181020200252533,-0.9764364957809448,0,0.8541674613952637,-0.5074031949043274,0.11319630593061447,0,-0.4839324951171875,-0.8556729555130005,-0.1833072155714035,0,8.724262237548828,20.032114028930664,-0.13136400282382965,1
B8,mixamorig_LeftArm,7,0.941545307636261,-0.294910192489624,-0.15430015325546265,0,0.30572453141212463,0.584275484085083,0.7505645751953125,0,-0.1313605159521103,-0.7543064951896667,0.6424290537834167,0,0,18.97006607055664,0,1
B9,mixamorig_LeftForeArm,8,0.8901928067207336,0.4554869830608368,0.0056279851123690605,0,-0.455512672662735,0.8900322318077087,0.017132483422756195,0,0.0027965297922492027,-0.017814885824918747,0.9998374581336975,0,0,41.39856719970703,0,1
B10,mixamorig_LeftHand,9,0.5775663256645203,0.13603654503822327,-0.8049144148826599,0,0.07183670997619629,0.9726449847221375,0.215853750705719,0,0.8124038577079773,-0.18246085941791534,0.5518326759338379,0,0,50.92203903198242,0,1
B11,mixamorig_LeftHandThumb1,10,0.7250416874885559,0.05520203709602356,-0.6864827871322632,0,-0.19343021512031555,0.9729710221290588,-0.12605343759059906,0,0.6609834432601929,0.22418199479579926,0.7161206603050232,0,-6.465419769287109,4.1794562339782715,0,1
B12,mixamorig_LeftHandThumb2,11,0.921978771686554,-0.13389982283115387,0.3633103668689728,0,0.00884164310991764,0.9453275203704834,0.32597556710243225,0,-0.38710451126098633,-0.29734987020492554,0.8727652430534363,0,-1.2832950353622437,6.0237507820129395,0,1
B13,mixamorig_LeftHandThumb3,12,0.893943727016449,0.4161721169948578,-0.16486307978630066,0,-0.406504362821579,0.9089169502258301,0.09051002562046051,0,0.18775933980941772,-0.014019572176039219,0.9820596575737,0,-0.052048999816179276,7.114596843719482,0,1
B14,mixamorig_LeftHandThumb4,13,1,0,0,0,0,1,0,0,0,0,1,0,1.3353450298309326,5.6471052169799805,0,1
B15,mixamorig_LeftHandIndex1,10,0.9862921833992004,0.05416344106197357,-0.15585245192050934,0,-0.018314959481358528,0.9746871590614319,0.22277671098709106,0,0.16397704184055328,-0.2168666124343872,0.9623185992240906,0,0,6.805192947387695,0,1
B16,mixamorig_LeftHandIndex2,15,0.999196469783783,-0.03993042930960655,-0.003498686011880636,0,0.03920905664563179,0.9555256366729736,0.2922896444797516,0,-0.008328627794981003,-0.29219165444374084,0.9563231468200684,0,0.2715049982070923,10.595919609069824,0,1
B17,mixamorig_LeftHandIndex3,16,0.9976977705955505,0.06776046007871628,-0.0028443087358027697,0,-0.06741665303707123,0.9954530000686646,0.06728937476873398,0,0.007391267456114292,-0.06694300472736359,0.9977292418479919,0,-0.3518730103969574,8.602864265441895,0,1
B18,mixamorig_LeftHandIndex4,17,1,0,0,0,0,1,0,0,0,0,1,0,0.08036799728870392,5.7108049392700195,0,1
B19,mixamorig_RightShoulder,3,0.15674863755702972,0.006911973003298044,0.98761385679245,0,-0.9269140958786011,-0.3441930115222931,0.14952336251735687,0,0.3409629464149475,-0.9388716220855713,-0.0475463829934597,0,-8.724262237548828,20.03261375427246,-0.14440399408340454,1
B20,mixamorig_RightArm,19,0.976584792137146,-0.16974255442619324,0.13041231036186218,0,0.00016429700190201402,0.6090377569198608,0.7928962111473083,0,-0.21387945115566254,-0.7743844985961914,0.5951541066169739,0,0,18.97006607055664,0,1
B21,mixamorig_RightForeArm,20,0.6614554524421692,-0.7496646046638489,-0.014484154991805553,0,0.7497072815895081,0.6609355807304382,0.02885039523243904,0,-0.012065218761563301,-0.029942400753498077,0.9994785785675049,0,0,41.39778518676758,0,1
B22,mixamorig_RightHand,21,0.7262718081474304,-0.30056631565093994,0.6162701845169067,0,0.47789421677589417,0.8659967184066772,-0.1400671899318695,0,-0.4913714826107025,0.3976336717605591,0.7742308378219604,0,0,50.907127380371094,0,1
B23,mixamorig_RightHandThumb1,22,0.8555037379264832,-0.24569261074066162,0.4556116759777069,0,0.17952591180801392,0.9662914872169495,0.18398085236549377,0,-0.48547181487083435,-0.07563763111829758,0.8709537386894226,0,6.501555919647217,4.708508014678955,0,1
B24,mixamorig_RightHandThumb2,23,0.9924210906028748,-0.03289175033569336,0.11792751401662827,0,0.04950612410902977,0.988792359828949,-0.14065846800804138,0,-0.111965112388134,0.1454920917749405,0.982968807220459,0,1.2856199741363525,6.291968822479248,0,1
B25,mixamorig_RightHandThumb3,24,0.9189569354057312,-0.361611545085907,-0.15732087194919586,0,0.34781414270401,0.9312263131141663,-0.10880288481712341,0,0.18584856390953064,0.04526852071285248,0.981533944606781,0,-0.38855698704719543,7.062751770019531,0,1
B26,mixamorig_RightHandThumb4,25,1,0,0,0,0,1,0,0,0,0,1,0,-0.8970630168914795,5.490105152130127,0,1
B27,mixamorig_RightHandIndex1,22,0.9956334829330444,-0.0911681205034256,-0.019562846049666405,0,0.09322118759155273,0.9793558716773987,0.1788032203912735,0,0.0028057710733264685,-0.1798526644706726,0.9835923910140991,0,0,5.551045894622803,0,1
B28,mixamorig_RightHandIndex2,27,0.9996451139450073,0.026312192901968956,0.004184282850474119,0,-0.02540050633251667,0.8938179016113281,0.447708398103714,0,0.008039994165301323,-0.44765540957450867,0.894169807434082,0,-0.2370460033416748,10.696869850158691,0,1
B29,mixamorig_RightHandIndex3,28,0.9935015439987183,-0.11303962767124176,-0.013288450427353382,0,0.11200982332229614,0.9503025412559509,0.29047808051109314,0,-0.02020813524723053,-0.2900790572166443,0.956788957118988,0,0.3691079914569855,8.683921813964844,0,1
B30,mixamorig_RightHandIndex4,29,1,0,0,0,0,1,0,0,0,0,1,0,-0.13206200301647186,6.829885959625244,0,1
B31,mixamorig_LeftUpLeg,0,-0.9836304187774658,0.17554022371768951,0.0389048270881176,0,-0.15511935949325562,-0.9363642334938049,0.3128211498260498,0,0.09154518693685532,0.3016948401927948,0.9482685327529907,0,15.292853355407715,-8.745742797851562,-0.448388010263443,1
B32,mixamorig_LeftLeg,31,0.9976658821105957,-0.03319891542196274,0.05731308460235596,0,0.05638850852847099,0.8828643560409546,-0.46601060032844543,0,-0.03512459248304367,0.4681589603424072,0.8826742768287659,0,0,69.62959289550781,0,1
B33,mixamorig_LeftFoot,32,0.9627872109413147,0.18231645226478577,0.19946980476379395,0,-0.2615364193916321,0.4426157772541046,0.8575670123100281,0,0.06809422373771667,-0.877823531627655,0.47383004426956177,0,0,66.46956634521484,0,1
B34,mixamorig_LeftToeBase,33,0.9999449849128723,-0.00033196789445355535,-0.010333027690649033,0,0.006878163665533066,0.7666375041007996,0.6419974565505981,0,0.007715994026511908,-0.642035186290741,0.766597330570221,0,0,32.214900970458984,0,1
B35,mixamorig_LeftToe_End,34,1,0,0,0,0,1,0,0,0,0,1,0,0,12.213940620422363,0,1
B36,mixamorig_RightUpLeg,0,-0.9786593914031982,0.1652020663022995,-0.12098757922649384,0,-0.19255878031253815,-0.9406394958496094,0.27390792965888977,0,-0.06945759803056717,0.2916213572025299,0.9525391459465027,0,-15.292853355407715,-8.745742797851562,-0.7227770090103149,1
B37,mixamorig_RightLeg,36,0.9903501868247986,0.08396829664707184,0.10913249105215073,0,0.07124125212430954,0.3658709228038788,-0.9279352426528931,0,-0.11784490197896957,0.9267563223838806,0.3563557267189026,0,0,69.60496520996094,0,1
B38,mixamorig_RightFoot,37,0.943868100643158,-0.06071475148200989,-0.32273945212364197,0,0.2645084261894226,0.7246463298797607,0.6344737410545349,0,0.1942911446094513,-0.6851325035095215,0.7005316019058228,0,0,66.515380859375,0,1
B39,mixamorig_RightToeBase,38,0.9968228340148926,0.04595961794257164,-0.04929700121283531,0,-0.0000219867579289712,0.7536535263061523,0.6547210812568665,0,0.06665459275245667,-0.6530650854110718,0.7510895133018494,0,0,32.26641082763672,0,1
B40,mixamorig_RightToe_End,39,1,0,0,0,0,1,0,0,0,0,1,0,0,12.417524337768555,0,1
@34,0,1,2,3,4,5,7,8,9,10,11,12,13,15,16,17,19,20,21,22,23,24,25,27,28,29,31,32,33,34,36,37,38,39
K0.000,0.981128990650177,-0.08344800025224686,-0.17441700398921967,0,0.08135399967432022,0.9965019822120667,-0.01913199946284294,0,0.17540399730205536,0.004581000190228224,0.9844859838485718,0,0.350616991519928,160.8193359375,0.3745940029621124,1,0.9980030059814453,0.061041999608278275,0.016246000304818153,0,-0.06115199998021126,0.9981080293655396,0.006326999980956316,0,-0.015829000622034073,-0.0073079997673630714,0.9998480081558228,0,0,15.739898681640625,-0.603721022605896,1,0.9991000294685364,0.012059000320732594,0.040658000856637955,0,-0.01321799959987402,0.9995110034942627,0.028338000178337097,0,-0.04029599949717522,-0.028850000351667404,0.9987710118293762,0,0,18.37672233581543,0,1,0.9991949796676636,0.004902000073343515,0.03981199860572815,0,-0.0028619999065995216,0.9986870288848877,-0.05115099996328354,0,-0.0400100015103817,0.050996001809835434,0.9978970289230347,0,0,21.00197410583496,0,1,0.9996510148048401,-0.01675800047814846,0.020434999838471413,0,0.017169000580906868,0.9996510148048401,-0.020089000463485718,0,-0.02009199932217598,0.020431999117136,0.9995890259742737,0,0,23.627208709716797,0,1,0.9977390170097351,0.006990999914705753,0.06684999912977219,0,-0.005402000155299902,0.9996989965438843,-0.023910999298095703,0,-0.0669969990849495,0.023496000096201897,0.9974759817123413,0,0,16.79718017578125,2.068665027618408,1,0.3459610044956207,0.13162299990653992,-0.9289699792861938,0,0.8905919790267944,-0.35760900378227234,0.2809999883174896,0,-0.2952229976654053,-0.9245489835739136,-0.24094100296497345,0,8.724262237548828,20.032114028930664,-0.13136400282382965,1,0.9931700229644775,-0.11513300240039825,-0.01889999955892563,0,0.07989899814128876,0.5530989766120911,0.8292750120162964,0,-0.08502300083637238,-0.8251219987869263,0.5585209727287292,0,0,18.97006607055664,0,1,0.8061599731445312,0.5916320085525513,0.0087890001013875,0,-0.5916659832000732,0.8058760166168213,0.02225399948656559,0,0.006082999985665083,-0.02314000017940998,0.9997140169143677,0,0,41.39856719970703,0,1,0.7680060267448425,0.311693012714386,-0.5594760179519653,0,-0.35041099786758423,0.9357290267944336,0.04029199853539467,0,0.5360770225524902,0.1651020050048828,0.8278660178184509,0,0,50.92203903198242,0,1,0.7218160033226013,0.1335040032863617,-0.6790869832038879,0,-0.10748200118541718,0.9909369945526123,0.08056700229644775,0,0.6836879849433899,0.014835000038146973,0.729623019695282,0,-6.465419769287109,4.1794562339782715,0,1,0.9298800230026245,0.0582519993185997,0.3632209897041321,0,-0.12611299753189087,0.9780269861221313,0.16601000726222992,0,-0.34556999802589417,-0.20017600059509277,0.9167940020561218,0,-1.2832950353622437,6.0237507820129395,0,1,0.9143509864807129,0.3648430109024048,-0.17564700543880463,0,-0.3564450144767761,0.9310250282287598,0.07835099846124649,0,0.19211700558662415,-0.009031999856233597,0.9813299775123596,0,-0.052048999816179276,7.114596843719482,0,1,0.9986979961395264,-0.050011999905109406,-0.010017000138759613,0,0.04940300062298775,0.9973270297050476,-0.05383500084280968,0,0.012683000415563583,0.05327099934220314,0.9984999895095825,0,0,6.805192947387695,0,1,0.9991899728775024,-0.04009399935603142,-0.003498000092804432,0,0.03937400132417679,0.9558629989624023,0.29116299748420715,0,-0.008329999633133411,-0.2910650074481964,0.9566670060157776,0,0.2715049982070923,10.595919609069824,0,1,0.9977080225944519,0.0676020011305809,-0.002876000013202429,0,-0.06726499646902084,0.9955419898033142,0.06611499935388565,0,0.007333000190556049,-0.06577000021934509,0.9978079795837402,0,-0.3518730103969574,8.602864265441895,0,1,0.07250799983739853,0.013863000087440014,0.9972720146179199,0,-0.8948990106582642,-0.4405539929866791,0.07118900120258331,0,0.44033798575401306,-0.8976190090179443,-0.019536999985575676,0,-8.724262237548828,20.03261375427246,-0.14440399408340454,1,0.9135689735412598,0.20691700279712677,0.3501099944114685,0,-0.4032280147075653,0.5728549957275391,0.7136139869689941,0,-0.05290300026535988,-0.7931089997291565,0.606777012348175,0,0,18.97006607055664,0,1,0.8434739708900452,-0.5371180176734924,-0.0074789999052882195,0,0.5371479988098145,0.8432340025901794,0.020671000704169273,0,-0.004796000197529793,-0.021453000605106354,0.9997580051422119,0,0,41.39778518676758,0,1,0.761559009552002,-0.15687699615955353,0.6288220286369324,0,0.09579300135374069,0.9868509769439697,0.13018399477005005,0,-0.6409770250320435,-0.03890499845147133,0.7665740251541138,0,0,50.907127380371094,0,1,0.8849440217018127,-0.17956900596618652,0.4296860098838806,0,0.14150500297546387,0.9827280044555664,0.11925800144672394,0,-0.44367900490760803,-0.04473400115966797,0.8950679898262024,0,6.501555919647217,4.708508014678955,0,1,0.9871339797973633,-0.04635300114750862,0.15302899479866028,0,0.06319499760866165,0.9922379851341248,-0.10709600150585175,0,-0.1468770056962967,0.11538899689912796,0.9824010133743286,0,1.2856199741363525,6.291968822479248,0,1,0.9217879772186279,-0.3510259985923767,-0.16458100080490112,0,0.33791500329971313,0.9355480074882507,-0.10277800261974335,0,0.19005100429058075,0.03912600129842758,0.9809939861297607,0,-0.38855698704719543,7.062751770019531,0,1,0.9970740079879761,-0.07452300190925598,-0.017048999667167664,0,0.07637400180101395,0.9808679819107056,0.17906500399112701,0,0.003378000110387802,-0.17984400689601898,0.98368901014328,0,0,5.551045894622803,0,1,0.99965900182724,0.02578599937260151,0.004139000084251165,0,-0.024872999638319016,0.8917589783668518,0.4518260061740875,0,0.007960000075399876,-0.4517750144004822,0.8920959830284119,0,-0.2370460033416748,10.696869850158691,0,1,0.9934489727020264,-0.11346500366926193,-0.013615000061690807,0,0.11241800338029861,0.9488999843597412,0.29487600922584534,0,-0.020539000630378723,-0.2944749891757965,0.9554389715194702,0,0.3691079914569855,8.683921813964844,0,1,-0.9961040019989014,-0.0881349965929985,0.0028929999098181725,0,0.08140400052070618,-0.9064249992370605,0.41444700956344604,0,-0.03390499949455261,0.4130679965019226,0.9100689888000488,0,15.292853355407715,-8.745742797851562,-0.448388010263443,1,0.9970800280570984,0.04612300172448158,-0.060858000069856644,0,-0.07311300188302994,0.34664401412010193,-0.935142993927002,0,-0.02203500084578991,0.9368619918823242,0.34900400042533875,0,0,69.62959289550781,0,1,0.9759029746055603,0.10457299649715424,0.19151300191879272,0,-0.2163189947605133,0.5787680149078369,0.786279022693634,0,-0.02861800044775009,-0.8087599873542786,0.5874419808387756,0,0,66.46956634521484,0,1,0.9999200105667114,-0.012504000216722488,0.002070999937132001,0,0.008382000029087067,0.7749580144882202,0.6319569945335388,0,-0.00950700044631958,-0.6318889856338501,0.7750009894371033,0,0,32.214900970458984,0,1,-0.9648889899253845,-0.18018899857997894,-0.19110499322414398,0,0.14242300391197205,-0.9702579975128174,0.19574399292469025,0,-0.2206919938325882,0.16165399551391602,0.9618539810180664,0,-15.292853355407715,-8.745742797851562,-0.7227770090103149,1,0.9995229840278625,0.02271299995481968,0.02092600055038929,0,-0.012273999862372875,0.9139320254325867,-0.4056810140609741,0,-0.028339000418782234,0.40522998571395874,0.9137750267982483,0,0,69.60496520996094,0,1,0.9387879967689514,-0.16119800508022308,-0.3044539988040924,0,0.3438119888305664,0.38277700543403625,0.8574820160865784,0,-0.021686000749468803,-0.9096689820289612,0.4147680103778839,0,0,66.515380859375,0,1,0.9999179840087891,0.00014899999951012433,0.012839999981224537,0,-0.008375000208616257,0.7655519843101501,0.6433190107345581,0,-0.009734000079333782,-0.6433740258216858,0.7654899954795837,0,0,32.26641082763672,0,1
K0.033,0.987104058265686,-0.06210577115416527,-0.1475425809621811,0,0.06274978816509247,0.9980289936065674,-0.0002897970553021878,0,0.1472705900669098,-0.00897215399891138,0.9890560507774353,0,0.7605652213096619,161.50257873535156,0.07268151640892029,1,0.9987409710884094,0.04975887015461922,0.006283896509557962,0,-0.049759868532419205,0.998760998249054,0.000047920653742039576,0,-0.0062738992273807526,-0.0003609161067288369,0.9999799728393555,0,0,15.739898681640625,-0.603721022605896,1,0.999750018119812,0.0036179611925035715,0.022075790911912918,0,-0.0041239564307034016,0.9997280240058899,0.022947978228330612,0,-0.021986791864037514,-0.023032978177070618,0.9994930028915405,0,0,18.37672233581543,0,1,0.999754011631012,-0.00456504849717021,0.021714795380830765,0,0.005776036996394396,0.9984130263328552,-0.056016020476818085,0,-0.0214247927069664,0.056128013879060745,0.9981939792633057,0,0,21.00197410583496,0,1,0.9996569752693176,-0.01248606201261282,0.023010991513729095,0,0.012774062342941761,0.9998409748077393,-0.012408033944666386,0,-0.022851990535855293,0.012698034755885601,0.9996579885482788,0,0,23.627208709716797,0,1,0.9971330165863037,0.01523201260715723,0.07411704212427139,0,-0.014698020182549953,0.999862015247345,-0.007744906470179558,0,-0.0742250457406044,0.00663390476256609,0.9972190260887146,0,0,16.79718017578125,2.068665027618408,1,0.3470327854156494,0.12873291969299316,-0.9289760589599609,0,0.8865149617195129,-0.3682582974433899,0.2801397740840912,0,-0.30603936314582825,-0.9207679033279419,-0.24192194640636444,0,8.724262237548828,20.032114028930664,-0.13136400282382965,1,0.9812597632408142,-0.18815888464450836,-0.04153623804450035,0,0.13561569154262543,0.5212478637695312,0.8425609469413757,0,-0.13688461482524872,-0.8324047923088074,0.5369971394538879,0,0,18.97006607055664,0,1,0.8417990803718567,0.5397399067878723,0.007448997814208269,0,-0.5397709012031555,0.8415670394897461,0.020301995798945427,0,0.004688997752964497,-0.021109996363520622,0.9997659921646118,0,0,41.39856719970703,0,1,0.7394121289253235,0.26720479130744934,-0.6179569959640503,0,-0.20105502009391785,0.9636208415031433,0.1760994791984558,0,0.6425302028656006,-0.005967021454125643,0.7662364840507507,0,0,50.92203903198242,0,1,0.7281650304794312,0.08985652774572372,-0.6794859766960144,0,-0.10513696074485779,0.9942799806594849,0.018816344439983368,0,0.6772899627685547,0.057738449424505234,0.7334470152854919,0,-6.465419769287109,4.1794562339782715,0,1,0.952198326587677,0.15303944051265717,0.2643798589706421,0,-0.2044113278388977,0.9623518586158752,0.17914898693561554,0,-0.2270089089870453,-0.22462770342826843,0.9476330280303955,0,-1.2832950353622437,6.0237507820129395,0,1,0.845210611820221,0.47741055488586426,-0.24020521342754364,0,-0.47883760929107666,0.8760926127433777,0.056358013302087784,0,0.23734813928604126,0.0673842653632164,0.9690849184989929,0,-0.052048999816179276,7.114596843719482,0,1,0.9985359907150269,-0.045652974396944046,-0.02901821956038475,0,0.04582398757338524,0.9989359974861145,0.005270324181765318,0,0.02874620445072651,-0.006592332851141691,0.9995650053024292,0,0,6.805192947387695,0,1,0.999210000038147,-0.03959899768233299,-0.0034990001004189253,0,0.038871996104717255,0.9548349976539612,0.29458102583885193,0,-0.008324000053107738,-0.29448503255844116,0.9556199908256531,0,0.2715049982070923,10.595919609069824,0,1,0.9976760149002075,0.0680840015411377,-0.0027799992822110653,0,-0.06772500276565552,0.9952679872512817,0.06968202441930771,0,0.007511001080274582,-0.06933202594518661,0.997564971446991,0,-0.3518730103969574,8.602864265441895,0,1,0.07814114540815353,0.013935992494225502,0.996845006942749,0,-0.8937731385231018,-0.44199177622795105,0.0762411430478096,0,0.44165974855422974,-0.8969111442565918,-0.022082047536969185,0,-8.724262237548828,20.03261375427246,-0.14440399408340454,1,0.9497472643852234,0.16936253011226654,0.263241171836853,0,-0.31126803159713745,0.5997880697250366,0.7371342778205872,0,-0.03304583951830864,-0.7820299863815308,0.6223639845848083,0,0,18.97006607055664,0,1,0.8351279497146606,-0.5500000715255737,-0.00780000165104866,0,0.5500310659408569,0.8348759412765503,0.0211660023778677,0,-0.005129002034664154,-0.021967001259326935,0.9997460246086121,0,0,41.39778518676758,0,1,0.7542030811309814,-0.1222737655043602,0.6451559662818909,0,0.07152081280946732,0.9919610023498535,0.10439286381006241,0,-0.6527349352836609,-0.03259102255105972,0.7568850517272949,0,0,50.907127380371094,0,1,0.8867639303207397,-0.18038713932037354,0.425570011138916,0,0.14538411796092987,0.9828259944915771,0.11365406215190887,0,-0.4387630224227905,-0.038913000375032425,0.8977599740028381,0,6.501555919647217,4.708508014678955,0,1,0.9885299801826477,-0.043435968458652496,0.1446439027786255,0,0.05909896641969681,0.9926279783248901,-0.10582005232572556,0,-0.138981893658638,0.11315403878688812,0.9838089942932129,0,1.2856199741363525,6.291968822479248,0,1,0.9208620190620422,-0.35456404089927673,-0.16216698288917542,0,0.34121403098106384,0.9341250061988831,-0.10480501502752304,0,0.18864399194717407,0.04117801785469055,0.9811819791793823,0,-0.38855698704719543,7.062751770019531,0,1,0.996537983417511,-0.08105606585741043,-0.01848001591861248,0,0.08306507021188736,0.9799619913101196,0.181038036942482,0,0.003436001716181636,-0.1819460391998291,0.9833030104637146,0,0,5.551045894622803,0,1,0.9996600151062012,0.025756001472473145,0.004135999828577042,0,-0.02484300173819065,0.8916410207748413,0.4520609974861145,0,0.007954999804496765,-0.45201000571250916,0.8919780254364014,0,-0.2370460033416748,10.696869850158691,0,1,0.9934459924697876,-0.11348900198936462,-0.013633999042212963,0,0.1124420017004013,0.9488189816474915,0.2951270043849945,0,-0.02055799774825573,-0.29472601413726807,0.955361008644104,0,0.3691079914569855,8.683921813964844,0,1,-0.9987469911575317,-0.04694172367453575,-0.017341090366244316,0,0.032420698553323746,-0.8709316849708557,0.4903334677219391,0,-0.038120947778224945,0.48915648460388184,0.8713626861572266,0,15.292853355407715,-8.745742797851562,-0.448388010263443,1,0.9965459704399109,0.07762107998132706,-0.029498612508177757,0,-0.06160382553935051,0.4528934359550476,-0.8894340991973877,0,-0.055679187178611755,0.8881791234016418,0.45611143112182617,0,0,69.62959289550781,0,1,0.9781780242919922,0.05969493091106415,0.1990070343017578,0,-0.19939599931240082,0.5388688445091248,0.8184500932693481,0,-0.058382030576467514,-0.8402721285820007,0.5390128493309021,0,0,66.46956634521484,0,1,0.9998869895935059,-0.014749852940440178,0.0028927759267389774,0,0.009741021320223808,0.7824801206588745,0.6225988864898682,0,-0.01144673116505146,-0.6225008964538574,0.7825351357460022,0,0,32.214900970458984,0,1,-0.9665489792823792,-0.15674567222595215,-0.2030140906572342,0,0.12855076789855957,-0.980988085269928,0.1453855335712433,0,-0.22194300591945648,0.11442459374666214,0.9683220386505127,0,-15.292853355407715,-8.745742797851562,-0.7227770090103149,1,0.9996070265769958,0.016658030450344086,0.02255220152437687,0,-0.006361947860568762,0.9181420207023621,-0.3962010145187378,0,-0.027305196970701218,0.39590200781822205,0.9178869724273682,0,0,69.60496520996094,0,1,0.9507681131362915,-0.15147191286087036,-0.27036160230636597,0,0.3076275885105133,0.35579055547714233,0.8824843168258667,0,-0.037479206919670105,-0.9222092032432556,0.3848715126514435,0,0,66.515380859375,0,1,0.9999139904975891,0.0001399996253894642,0.013082011602818966,0,-0.008513006381690502,0.7662750482559204,0.6424559354782104,0,-0.00993500929325819,-0.6425129175186157,0.7662110328674316,0,0,32.26641082763672,0,1
K0.067,0.993558943271637,-0.03926022723317146,-0.10629741102457047,0,0.0416112095117569,0.9989339709281921,0.0199917983263731,0,0.10539941489696503,-0.024285847321152687,0.994132936000824,0,1.2847458124160767,161.31248474121094,-0.2759975492954254,1,0.9993209838867188,0.03662212938070297,-0.004058897029608488,0,-0.03665313124656677,0.999297022819519,-0.007881920784711838,0,0.003766900161281228,0.008024916984140873,0.9999610185623169,0,0,15.739898681640625,-0.603721022605896,1,0.9999989867210388,-0.00026396141038276255,0.0012212072033435106,0,0.00023895663616713136,0.9997850060462952,0.02075602300465107,0,-0.0012262063100934029,-0.02075602300465107,0.999783992767334,0,0,18.37672233581543,0,1,0.9999549984931946,-0.009401951916515827,0.0012502033496275544,0,0.009458963759243488,0.9982849955558777,-0.05776398256421089,0,-0.0007052059518173337,0.057772986590862274,0.9983289837837219,0,0,21.00197410583496,0,1,0.9995800256729126,-0.018694939091801643,0.022136010229587555,0,0.019044939428567886,0.9996950030326843,-0.015721965581178665,0,-0.02183600887656212,0.01613696664571762,0.9996309876441956,0,0,23.627208709716797,0,1,0.9967780113220215,0.016539987176656723,0.07848595827817917,0,-0.016716979444026947,0.9998589754104614,0.0016029070829972625,0,-0.07844895869493484,-0.0029099052771925926,0.9969140291213989,0,0,16.79718017578125,2.068665027618408,1,0.326706200838089,0.12111207097768784,-0.9373339414596558,0,0.8813170790672302,-0.3972676992416382,0.25585123896598816,0,-0.3413856327533722,-0.9096761345863342,-0.23652705550193787,0,8.724262237548828,20.032114028930664,-0.13136400282382965,1,0.9588002562522888,-0.27646714448928833,-0.06532476097345352,0,0.20446930825710297,0.511975109577179,0.8343100547790527,0,-0.19721440970897675,-0.8132941722869873,0.5474109053611755,0,0,18.97006607055664,0,1,0.8479469418525696,0.530031144618988,0.007217002101242542,0,-0.5300621390342712,0.8477249145507812,0.019937003031373024,0,0.00444900244474411,-0.0207310039550066,0.9997749924659729,0,0,41.39856719970703,0,1,0.6503108739852905,0.24726219475269318,-0.7183020114898682,0,-0.0029519691597670317,0.9463621973991394,0.32309454679489136,0,0.7596617937088013,-0.20799098908901215,0.6161594986915588,0,0,50.92203903198242,0,1,0.7336059212684631,0.042787469923496246,-0.6782270073890686,0,-0.10114003717899323,0.9937750101089478,-0.04670334979891777,0,0.6720070838928223,0.1028575524687767,0.7333670258522034,0,-6.465419769287109,4.1794562339782715,0,1,0.9835556745529175,0.09717855602502823,0.15223312377929688,0,-0.13698166608810425,0.9507301449775696,0.27811601758003235,0,-0.11770609021186829,-0.2943953275680542,0.948406994342804,0,-1.2832950353622437,6.0237507820129395,0,1,0.8045644164085388,0.5335314869880676,-0.2608067989349365,0,-0.5386683940887451,0.84053635597229,0.057740986347198486,0,0.25002387166023254,0.09403172880411148,0.9636630415916443,0,-0.052048999816179276,7.114596843719482,0,1,0.997776985168457,-0.042948026210069656,-0.05094977840781212,0,0.04489300772547722,0.9982810020446777,0.037665680050849915,0,0.04924479499459267,-0.03986866772174835,0.9979910254478455,0,0,6.805192947387695,0,1,0.9992210268974304,-0.039298005402088165,-0.0034990001004189253,0,0.03856700286269188,0.9542040228843689,0.2966609597206116,0,-0.008318999782204628,-0.2965649664402008,0.9549760222434998,0,0.2715049982070923,10.595919609069824,0,1,0.997655987739563,0.06837700307369232,-0.0027200006879866123,0,-0.06800500303506851,0.9950940012931824,0.0718509778380394,0,0.007619998883455992,-0.07149797677993774,0.9974120259284973,0,-0.3518730103969574,8.602864265441895,0,1,0.09322085231542587,0.0131630077958107,0.9955580234527588,0,-0.9044108986854553,-0.417019248008728,0.09019985795021057,0,0.416354238986969,-0.9088018536567688,-0.026969950646162033,0,-8.724262237548828,20.03261375427246,-0.14440399408340454,1,0.9760977625846863,0.12134347856044769,0.18030181527137756,0,-0.21667593717575073,0.6077459454536438,0.7639997601509094,0,-0.01687115989625454,-0.7848060131072998,0.6195120215415955,0,0,18.97006607055664,0,1,0.8306060433387756,-0.5568039417266846,-0.007973997853696346,0,0.5568349361419678,0.8303460478782654,0.021427998319268227,0,-0.00530999805778265,-0.022238997742533684,0.9997389912605286,0,0,41.39778518676758,0,1,0.7610689401626587,-0.09914322942495346,0.6410500407218933,0,0.05318818241357803,0.9944609999656677,0.0906551331281662,0,-0.6464870572090149,-0.034897979348897934,0.7621269226074219,0,0,50.907127380371094,0,1,0.8833500742912292,-0.19347986578941345,0.4269169867038727,0,0.15675388276576996,0.9803280234336853,0.11994194239377975,0,-0.441724956035614,-0.03903000056743622,0.8963009715080261,0,6.501555919647217,4.708508014678955,0,1,0.9902089834213257,-0.040560029447078705,0.13357309997081757,0,0.0555870346724987,0.9922909736633301,-0.11076794564723969,0,-0.12805010378360748,0.11710796505212784,0.9848290085792542,0,1.2856199741363525,6.291968822479248,0,1,0.9200189709663391,-0.3577229678630829,-0.1600010097026825,0,0.34416696429252625,0.9328370094299316,-0.10660498589277267,0,0.1873900145292282,0.043010979890823364,0.9813439846038818,0,-0.38855698704719543,7.062751770019531,0,1,0.9959539771080017,-0.08755693584680557,-0.02021198347210884,0,0.08978693187236786,0.9786779880523682,0.18473896384239197,0,0.0036059983540326357,-0.18580695986747742,0.9825800061225891,0,0,5.551045894622803,0,1,0.9996560215950012,0.025905998423695564,0.004149000160396099,0,-0.02499299868941307,0.8922299742698669,0.4508880078792572,0,0.007978999987244606,-0.45083698630332947,0.892570972442627,0,-0.2370460033416748,10.696869850158691,0,1,0.993461012840271,-0.11336799710988998,-0.01354100089520216,0,0.11232499778270721,0.9492210149765015,0.29387399554252625,0,-0.0204630009829998,-0.2934730052947998,0.9557480216026306,0,0.3691079914569855,8.683921813964844,0,1,-0.999459981918335,-0.019371272996068,-0.026533909142017365,0,0.0020963011775165796,-0.8436362743377686,0.5369105339050293,0,-0.0327860526740551,0.5365655422210693,0.8432213068008423,0,15.292853355407715,-8.745742797851562,-0.448388010263443,1,0.9962660074234009,0.08583591878414154,0.00930161401629448,0,-0.043963175266981125,0.5970635414123535,-0.8009878993034363,0,-0.07430781424045563,0.7975878715515137,0.5986075401306152,0,0,69.62959289550781,0,1,0.9779329895973206,0.052770067006349564,0.20214296877384186,0,-0.1996839940547943,0.5205731987953186,0.8301388621330261,0,-0.06142396852374077,-0.8521848917007446,0.5196231603622437,0,0,66.46956634521484,0,1,0.999809980392456,-0.000006146538908069488,-0.019489778205752373,0,0.011872978881001472,0.7932308912277222,0.6088061332702637,0,0.015455733053386211,-0.6089211106300354,0.7930798530578613,0,0,32.214900970458984,0,1,-0.9693220257759094,-0.12387333065271378,-0.2122999131679535,0,0.10481923818588257,-0.9895699620246887,0.09881146252155304,0,-0.22232499718666077,0.07352641224861145,0.9721959233283997,0,-15.292853355407715,-8.745742797851562,-0.7227770090103149,1,0.9988920092582703,0.01965796947479248,0.04274879768490791,0,-0.0011300520272925496,0.9183019995689392,-0.39587900042533875,0,-0.04703780263662338,0.3953920006752014,0.9173070192337036,0,0,69.60496520996094,0,1,0.9621939063072205,-0.1430840939283371,-0.23175539076328278,0,0.26601243019104004,0.31095045804977417,0.9124397039413452,0,-0.05849079042673111,-0.9395937919616699,0.3372574746608734,0,0,66.515380859375,0,1,0.9998999834060669,0.00010200037650065497,0.014168988913297653,0,-0.009127993136644363,0.7695109248161316,0.6385690569877625,0,-0.010837990790605545,-0.6386340856552124,0.769434928894043,0,0,32.26641082763672,0,1
K0.100,0.9982450008392334,-0.014010000973939896,-0.05753500387072563,0,0.016147002577781677,0.9991899728775024,0.036848001182079315,0,0.05697200447320938,-0.03771200031042099,0.9976630210876465,0,1.8859879970550537,160.6322479248047,-0.5075070261955261,1,0.9995989799499512,0.025741999968886375,-0.011769999749958515,0,-0.02590700052678585,0.9995650053024292,-0.014085999689996243,0,0.011401999741792679,0.014384999871253967,0.9998319745063782,0,0,15.739898681640625,-0.603721022605896,1,0.9998570084571838,-0.008472999557852745,-0.014600998722016811,0,0.00874600000679493,0.9997850060462952,0.01877499930560589,0,0.014438998885452747,-0.01889999955892563,0.9997169971466064,0,0,18.37672233581543,0,1,0.9997329711914062,-0.01816600002348423,-0.014250999316573143,0,0.017287999391555786,0.9980790019035339,-0.05949699878692627,0,0.01530499942600727,0.05923499912023544,0.9981269836425781,0,0,21.00197410583496,0,1,0.9994969964027405,-0.025613000616431236,0.018716000020503998,0,0.026027999818325043,0.9994120001792908,-0.022314000874757767,0,-0.018132999539375305,0.0227889996021986,0.9995759725570679,0,0,23.627208709716797,0,1,0.9973610043525696,0.013481000438332558,0.07133399695158005,0,-0.013775999657809734,0.9998980164527893,0.003640000009909272,0,-0.07127700001001358,-0.004614000208675861,0.9974460005760193,0,0,16.79718017578125,2.068665027618408,1,0.2767159938812256,0.11536800116300583,-0.9540010094642639,0,0.8818659782409668,-0.4248870015144348,0.20441100001335144,0,-0.38176000118255615,-0.8978649973869324,-0.21931299567222595,0,8.724262237548828,20.032114028930664,-0.13136400282382965,1,0.9291499853134155,-0.3590579926967621,-0.0880810022354126,0,0.274042010307312,0.5089790225028992,0.8159909844398499,0,-0.24815699458122253,-0.7823160290718079,0.5713139772415161,0,0,18.97006607055664,0,1,0.8480219841003418,0.529911994934082,0.007215000223368406,0,-0.529941976070404,0.8478000164031982,0.019933000206947327,0,0.00444599986076355,-0.020726999267935753,0.9997749924659729,0,0,41.39856719970703,0,1,0.5194929838180542,0.2443619966506958,-0.818789005279541,0,0.20050399005413055,0.8966209888458252,0.394802987575531,0,0.8306170105934143,-0.369268000125885,0.41679200530052185,0,0,50.92203903198242,0,1,0.7369980216026306,0.00148600188549608,-0.6758930087089539,0,-0.09891100227832794,0.9894689917564392,-0.1056779995560646,0,0.6686180233955383,0.14473800361156464,0.7293840050697327,0,-6.465419769287109,4.1794562339782715,0,1,0.9870129823684692,0.02738400362432003,0.15828999876976013,0,-0.07341700047254562,0.9533309936523438,0.29286500811576843,0,-0.14288300275802612,-0.30068299174308777,0.9429600238800049,0,-1.2832950353622437,6.0237507820129395,0,1,0.7879059910774231,0.5480160117149353,-0.2808609902858734,0,-0.5573409795761108,0.8285769820213318,0.05319900065660477,0,0.26186901330947876,0.11462000012397766,0.9582729935646057,0,-0.052048999816179276,7.114596843719482,0,1,0.9963170289993286,-0.04002600163221359,-0.07582999765872955,0,0.03962999954819679,0.9991919994354248,-0.006712998263537884,0,0.07603800296783447,0.0036829982418566942,0.9970980286598206,0,0,6.805192947387695,0,1,0.99925297498703,-0.03849299997091293,-0.003496000077575445,0,0.037748999893665314,0.9524909853935242,0.3022179901599884,0,-0.008302999660372734,-0.3021239936351776,0.953233003616333,0,0.2715049982070923,10.595919609069824,0,1,0.9976019859313965,0.06915999948978424,-0.0025569999124854803,0,-0.06875400245189667,0.9946060180664062,0.07766000181436539,0,0.007914000190794468,-0.07729800045490265,0.9969769716262817,0,-0.3518730103969574,8.602864265441895,0,1,0.12092900276184082,0.011672000400722027,0.992592990398407,0,-0.9126719832420349,-0.3919439911842346,0.11580099910497665,0,0.390392005443573,-0.9199150204658508,-0.03674500063061714,0,-8.724262237548828,20.03261375427246,-0.14440399408340454,1,0.9915990233421326,0.061225004494190216,0.11394199728965759,0,-0.12755300104618073,0.6091150045394897,0.7827569842338562,0,-0.02147899940609932,-0.7907149791717529,0.6118080019950867,0,0,18.97006607055664,0,1,0.8293420076370239,-0.5586839914321899,-0.008023000322282314,0,0.5587159991264343,0.8290799856185913,0.021500999107956886,0,-0.00535999983549118,-0.022314000874757767,0.999737024307251,0,0,41.39778518676758,0,1,0.7810580134391785,-0.09331300109624863,0.617447018623352,0,0.04669399932026863,0.9947310090065002,0.09126400202512741,0,-0.6227099895477295,-0.042451001703739166,0.7813000082969666,0,0,50.907127380371094,0,1,0.8775550127029419,-0.21348699927330017,0.42932599782943726,0,0.17381399869918823,0.9761450290679932,0.1301169991493225,0,-0.44686201214790344,-0.03956200182437897,0.8937270045280457,0,6.501555919647217,4.708508014678955,0,1,0.9918069839477539,-0.03650699928402901,0.1224140003323555,0,0.050850000232458115,0.9919270277023315,-0.11616700142621994,0,-0.11718499660491943,0.12144000083208084,0.9856569766998291,0,1.2856199741363525,6.291968822479248,0,1,0.9193159937858582,-0.3603140115737915,-0.15821699798107147,0,0.34659498929977417,0.931768000125885,-0.10807300359010696,0,0.18636199831962585,0.044516000896692276,0.9814720153808594,0,-0.38855698704719543,7.062751770019531,0,1,0.9954869747161865,-0.09218599647283554,-0.02253199927508831,0,0.09481000155210495,0.9764490127563477,0.19380199909210205,0,0.004135999828577042,-0.1950639933347702,0.9807819724082947,0,0,5.551045894622803,0,1,0.9996449947357178,0.0263069998472929,0.004184000194072723,0,-0.02539600059390068,0.8938009738922119,0.4477440118789673,0,0.008039000444114208,-0.4476909935474396,0.8941519856452942,0,-0.2370460033416748,10.696869850158691,0,1,0.9935010075569153,-0.11304300278425217,-0.01329100038856268,0,0.11201299726963043,0.9502909779548645,0.2905159890651703,0,-0.020210999995470047,-0.2901169955730438,0.9567779898643494,0,0.3691079914569855,8.683921813964844,0,1,-0.9998210072517395,0.005359998904168606,-0.01816600002348423,0,-0.014679999090731144,-0.8253340125083923,0.5644530057907104,0,-0.011968000791966915,0.5646190047264099,0.8252649903297424,0,15.292853355407715,-8.745742797851562,-0.448388010263443,1,0.9964889883995056,0.07212900370359421,0.0425029993057251,0,-0.02569499984383583,0.7466729879379272,-0.6646940112113953,0,-0.07968000322580338,0.6612690091133118,0.7459049820899963,0,0,69.62959289550781,0,1,0.9767580032348633,0.07108499854803085,0.20221300423145294,0,-0.20969200134277344,0.5123739838600159,0.8327680230140686,0,-0.04441099986433983,-0.8558149933815002,0.5153719782829285,0,0,66.46956634521484,0,1,0.9998170137405396,-0.000011000000085914508,-0.01912599988281727,0,0.011680999770760536,0.7922019958496094,0.6101469993591309,0,0.01514500007033348,-0.6102589964866638,0.7920569777488708,0,0,32.214900970458984,0,1,-0.9706540107727051,-0.08338499814271927,-0.2255599945783615,0,0.0747859999537468,-0.9961190223693848,0.046417005360126495,0,-0.22855499386787415,0.028186002746224403,0.9731230139732361,0,-15.292853355407715,-8.745742797851562,-0.7227770090103149,1,0.9945799708366394,0.030861999839544296,0.09928599745035172,0,0.010391999036073685,0.9206410050392151,-0.39027100801467896,0,-0.10345099866390228,0.3891879916191101,0.9153310060501099,0,0,69.60496520996094,0,1,0.9644899964332581,-0.12841899693012238,-0.23079699277877808,0,0.2574639916419983,0.26221200823783875,0.9300310015678406,0,-0.05891599878668785,-0.9564279913902283,0.2859640121459961,0,0,66.515380859375,0,1,0.9998990297317505,0.00009999999747378752,0.01423799991607666,0,-0.009166000410914421,0.7697150111198425,0.6383219957351685,0,-0.010894999839365482,-0.6383879780769348,0.7696369886398315,0,0,32.26641082763672,0,1
