3.167,30,95,41
B0,mixamorig_Hips,-1,0.9947333931922913,0.047854844480752945,-0.09063905477523804,0,-0.04252303019165993,0.99729984998703,0.059868257492780685,0,0.09325949847698212,-0.05569858103990555,0.9940821528434753,0,-21.098968505859375,163.7485809326172,18.66876792907715,1
B1,mixamorig_Spine,0,0.9999369382858276,-0.011154151521623135,-0.0011394961038604379,0,0.011060246266424656,0.997928261756897,-0.06338311731815338,0,0.0018436424434185028,0.06336613744497299,0.9979882836341858,0,0,15.739898681640625,-0.603721022605896,1
B2,mixamorig_Spine1,1,0.9999329447746277,-0.011348919942975044,-0.002318854909390211,0,0.011218092404305935,0.9986734390258789,-0.050258226692676544,0,0.002886083209887147,0.05022924393415451,0.9987334609031677,0,0,18.37672233581543,0,1
B3,mixamorig_Spine2,2,0.9999329447746277,-0.011348919942975044,-0.002318854909390211,0,0.011218092404305935,0.9986734390258789,-0.050258226692676544,0,0.002886083209887147,0.05022924393415451,0.9987334609031677,0,0,21.00197410583496,0,1
B4,mixamorig_Neck,3,0.9985594153404236,-0.03793122619390488,-0.03794669732451439,0,0.045156948268413544,0.9760952591896057,0.2126011997461319,0,0.028975309804081917,-0.21400867402553558,0.9764018058776855,0,0,23.627208709716797,0,1
B5,mixamorig_Head,4,0.9795184135437012,0.1177324429154396,0.16334810853004456,0,-0.06904784590005875,0.9584556221961975,-0.276756227016449,0,-0.18914462625980377,0.25980937480926514,0.9469542503356934,0,0,16.79718017578125,2.068665027618408,1
B6,mixamorig_HeadTop_End,5,1,0,0,0,0,1,0,0,0,0,1,0,0,49.093017578125,6.046072959899902,1
B7,mixamorig_LeftShoulder,3,0.00343810161575675,0.10010932385921478,-0.9949706196784973,0,0.9741734862327576,0.22430609166622162,0.025935206562280655,0,0.22577409446239471,-0.9693627953529358,-0.09675350040197372,0,8.724262237548828,20.032114028930664,-0.13136400282382965,1
B8,mixamorig_LeftArm,7,0.7630515098571777,0.5235914587974548,0.37891867756843567,0,-0.1472061425447464,0.7116401791572571,-0.6869399547576904,0,-0.6293275356292725,0.46839025616645813,0.6201066374778748,0,0,18.97006607055664,0,1
B9,mixamorig_LeftForeArm,8,0.4442186951637268,0.8880355954170227,0.11852042376995087,0,-0.8805642127990723,0.4571516811847687,-0.12491172552108765,0,-0.16510996222496033,-0.04887706786394119,0.9850636124610901,0,0,41.39856719970703,0,1
B10,mixamorig_LeftHand,9,0.8285422325134277,0.008308406919240952,-0.5597085356712341,0,-0.48374149203300476,0.513832688331604,-0.7083660364151001,0,0.2816365957260132,0.857814371585846,0.42979931831359863,0,0,50.92203903198242,0,1
B11,mixamorig_LeftHandThumb1,10,0.9043915867805481,0.34610626101493835,-0.2495713084936142,0,-0.3429388105869293,0.9375941753387451,0.05752203240990639,0,0.25390517711639404,0.033565741032361984,0.9666457176208496,0,-6.465419769287109,4.1794562339782715,0,1
B12,mixamorig_LeftHandThumb2,11,0.9898235201835632,0.0263042189180851,0.13984087109565735,0,-0.0454658605158329,0.9897118210792542,0.13564741611480713,0,-0.13483524322509766,-0.14062383770942688,0.9808381795883179,0,-1.2832950353622437,6.0237507820129395,0,1
B13,mixamorig_LeftHandThumb3,12,0.971439003944397,0.23721900582313538,0.005859999917447567,0,-0.23721499741077423,0.971455991268158,-0.0013849999522790313,0,-0.006020999979227781,-0.000045000000682193786,0.9999819993972778,0,-0.052048999816179276,7.114596843719482,0,1
B14,mixamorig_LeftHandThumb4,13,1,0,0,0,0,1,0,0,0,0,1,0,1.3353450298309326,5.6471052169799805,0,1
B15,mixamorig_LeftHandIndex1,10,0.9879468083381653,-0.09274056553840637,0.12393336743116379,0,0.03847760707139969,0.9226542711257935,0.38370266556739807,0,-0.14993323385715485,-0.37430933117866516,0.9151028990745544,0,0,6.805192947387695,0,1
B16,mixamorig_LeftHandIndex2,15,0.9994954466819763,0.031145181506872177,0.006207285914570093,0,-0.030774777755141258,0.9016115069389343,0.4314482510089874,0,0.007841699756681919,-0.4314212203025818,0.902116060256958,0,0.2715049982070923,10.595919609069824,0,1
B17,mixamorig_LeftHandIndex3,16,0.9984790086746216,0.054931994527578354,-0.004685999825596809,0,-0.05493199825286865,0.9984899759292603,0.00006600000051548705,0,0.004683000035583973,0.00019200000679120421,0.9999889731407166,0,-0.3518730103969574,8.602864265441895,0,1
B18,mixamorig_LeftHandIndex4,17,1,0,0,0,0,1,0,0,0,0,1,0,0.08036799728870392,5.7108049392700195,0,1
B19,mixamorig_RightShoulder,3,0.05684274435043335,-0.1473844349384308,0.9874444007873535,0,-0.9597166180610657,0.2645195424556732,0.09472915530204773,0,-0.2751598656177521,-0.9530515670776367,-0.126411572098732,0,-8.724262237548828,20.03261375427246,-0.14440399408340454,1
B20,mixamorig_RightArm,19,0.8575477004051208,-0.4724898040294647,-0.20321349799633026,0,0.1603199541568756,0.620938241481781,-0.7672768831253052,0,0.48870977759361267,0.6253931522369385,0.608267605304718,0,0,18.97006607055664,0,1
B21,mixamorig_RightForeArm,20,0.7294613718986511,-0.6510090231895447,-0.20985840260982513,0,0.6317034363746643,0.758855938911438,-0.15829284489154816,0,0.2623104751110077,-0.01710016466677189,0.9648317694664001,0,0,41.39778518676758,0,1
B22,mixamorig_RightHand,21,0.8516820073127747,-0.31849509477615356,0.41561537981033325,0,0.5234116911888123,0.5416125059127808,-0.6574901938438416,0,-0.015582657419145107,0.7778933048248291,0.628149151802063,0,0,50.907127380371094,0,1
B23,mixamorig_RightHandThumb1,22,0.8825677037239075,-0.455520361661911,-0.11649099737405777,0,0.4453476667404175,0.8893426656723022,-0.10358333587646484,0,0.15078198909759521,0.03953903168439865,0.9877749085426331,0,6.501555919647217,4.708508014678955,0,1
B24,mixamorig_RightHandThumb2,23,0.992456316947937,-0.11747969686985016,-0.03505350276827812,0,0.120020292699337,0.9893515110015869,0.08233676850795746,0,0.025007164105772972,-0.08592333644628525,0.9959874749183655,0,1.2856199741363525,6.291968822479248,0,1
B25,mixamorig_RightHandThumb3,24,0.9941819906234741,-0.10680799931287766,-0.01396000012755394,0,0.10678599774837494,0.9942790269851685,-0.002280999906361103,0,0.014124000445008278,0.0007769999792799354,0.9998999834060669,0,-0.38855698704719543,7.062751770019531,0,1
B26,mixamorig_RightHandThumb4,25,1,0,0,0,0,1,0,0,0,0,1,0,-0.8970630168914795,5.490105152130127,0,1
B27,mixamorig_RightHandIndex1,22,0.9693627953529358,-0.0865246132016182,-0.22988775372505188,0,0.18351298570632935,0.8772095441818237,0.44365039467811584,0,0.16327296197414398,-0.4722452759742737,0.8662135004997253,0,0,5.551045894622803,0,1
B28,mixamorig_RightHandIndex2,27,0.9998320937156677,0.018281398341059685,0.0015618623001500964,0,-0.018029507249593735,0.9630894064903259,0.268576443195343,0,0.00340579217299819,-0.26855945587158203,0.9632572531700134,0,-0.2370460033416748,10.696869850158691,0,1
B29,mixamorig_RightHandIndex3,28,0.9980800151824951,-0.061778001487255096,0.004561999812722206,0,0.061778001487255096,0.9980900287628174,0.00008900000102585182,0,-0.00455900002270937,0.00019299999985378236,0.9999899864196777,0,0.3691079914569855,8.683921813964844,0,1
B30,mixamorig_RightHandIndex4,29,1,0,0,0,0,1,0,0,0,0,1,0,-0.13206200301647186,6.829885959625244,0,1
B31,mixamorig_LeftUpLeg,0,-0.9881925582885742,-0.1199861690402031,-0.09527881443500519,0,0.11938618868589401,-0.9927749037742615,0.01199805922806263,0,-0.0960300862789154,0.0004810182435903698,0.9953778982162476,0,15.292853355407715,-8.745742797851562,-0.448388010263443,1
B32,mixamorig_LeftLeg,31,0.9987990260124207,-0.0488600917160511,-0.003540936391800642,0,0.04826311767101288,0.9938253164291382,-0.09991107881069183,0,0.008400809019804,0.09962107986211777,0.9949902892112732,0,0,69.62959289550781,0,1
B33,mixamorig_LeftFoot,32,0.9546689391136169,-0.08476458489894867,0.285347580909729,0,-0.19925978779792786,0.5301732420921326,0.8241431713104248,0,-0.22114141285419464,-0.8436422944068909,0.48924875259399414,0,0,66.46956634521484,0,1
B34,mixamorig_LeftToeBase,33,0.9945611357688904,0.0738086923956871,-0.07348284870386124,0,-0.0031505252700299025,0.7265440821647644,0.6871134042739868,0,0.10410294681787491,-0.6831444501876831,0.7228251099586487,0,0,32.214900970458984,0,1
B35,mixamorig_LeftToe_End,34,1,0,0,0,0,1,0,0,0,0,1,0,0,12.213940620422363,0,1
B36,mixamorig_RightUpLeg,0,-0.9339357614517212,0.06612291187047958,-0.3512701094150543,0,-0.12578527629375458,-0.9806777238845825,0.149827241897583,0,-0.33457547426223755,0.18411357700824738,0.9242085218429565,0,-15.292853355407715,-8.745742797851562,-0.7227770090103149,1
B37,mixamorig_RightLeg,36,0.9985379576683044,0.046698328107595444,-0.027237994596362114,0,-0.05350151285529137,0.9259226322174072,-0.37390395998954773,0,0.007759961299598217,0.37481409311294556,0.9270675778388977,0,0,69.60496520996094,0,1
B38,mixamorig_RightFoot,37,0.9779094457626343,-0.06125430762767792,-0.19985271990299225,0,0.2080066055059433,0.3796082139015198,0.9014596939086914,0,0.020647667348384857,-0.9231169819831848,0.3839641511440277,0,0,66.515380859375,0,1
B39,mixamorig_RightToeBase,38,0.9994102716445923,-0.012271951884031296,0.0320676751434803,0,-0.009865687228739262,0.7919285297393799,0.6105340123176575,0,-0.03288833796977997,-0.6104912757873535,0.7913397550582886,0,0,32.26641082763672,0,1
B40,mixamorig_RightToe_End,39,1,0,0,0,0,1,0,0,0,0,1,0,0,12.417524337768555,0,1
@34,0,1,2,3,4,5,7,8,9,10,11,12,13,15,16,17,19,20,21,22,23,24,25,27,28,29,31,32,33,34,36,37,38,39
K0.000,0.9999740123748779,-0.006492000073194504,0.0030429998878389597,0,0.006393999792635441,0.9994950294494629,0.031119000166654587,0,-0.003244000021368265,-0.031098999083042145,0.9995110034942627,0,-13.275898933410645,163.7833251953125,11.305453300476074,1,0.9999889731407166,0.003409000113606453,-0.0032599999103695154,0,-0.0035310001112520695,0.9992629885673523,-0.03823300078511238,0,0.0031270000617951155,0.03824400156736374,0.9992640018463135,0,0,15.739898681640625,-0.603721022605896,1,0.9999380111694336,0.009228999726474285,-0.0062950002029538155,0,-0.009228000417351723,0.9999570250511169,0.0001849999971454963,0,0.006295999977737665,-0.00012700000661425292,0.9999799728393555,0,0,18.37672233581543,0,1,0.9999380111694336,0.009228999726474285,-0.0062950002029538155,0,-0.009228000417351723,0.9999570250511169,0.0001849999971454963,0,0.006295999977737665,-0.00012700000661425292,0.9999799728393555,0,0,21.00197410583496,0,1,0.9976630210876465,-0.03631899878382683,-0.05787299945950508,0,0.05048400163650513,0.9625949859619141,0.2662000060081482,0,0.04603999853134155,-0.2684989869594574,0.9621790051460266,0,0,23.627208709716797,0,1,0.9937469959259033,0.06926000118255615,0.0875760018825531,0,-0.0521400012075901,0.9814419746398926,-0.18453699350357056,0,-0.09873200207948685,0.1788170039653778,0.9789159893989563,0,0,16.79718017578125,2.068665027618408,1,-0.005630999803543091,0.042702000588178635,-0.9990720152854919,0,0.9086269736289978,-0.41697800159454346,-0.022943999618291855,0,-0.4175710082054138,-0.9079130291938782,-0.036451999098062515,0,8.724262237548828,20.032114028930664,-0.13136400282382965,1,0.7642300128936768,0.44517698884010315,-0.4666590094566345,0,0.08261200040578842,0.6500340104103088,0.7554020285606384,0,0.639631986618042,-0.6158519983291626,0.4599980115890503,0,0,18.97006607055664,0,1,0.9012870192527771,0.4294680058956146,0.05691799893975258,0,-0.4301089942455292,0.9027770161628723,-0.0010930000571534038,0,-0.0518530011177063,-0.023496000096201897,0.9983779788017273,0,0,41.39856719970703,0,1,0.9949529767036438,0.03214100003242493,-0.09505800157785416,0,-0.04705499857664108,0.9861429929733276,-0.15908199548721313,0,0.08862700313329697,0.16275200247764587,0.9826779961585999,0,0,50.92203903198242,0,1,0.9235020279884338,0.2983100116252899,-0.2411549985408783,0,-0.27077099680900574,0.952256977558136,0.14102999866008759,0,0.271712988615036,-0.06494399905204773,0.9601849913597107,0,-6.465419769287109,4.1794562339782715,0,1,0.9867799878120422,-0.0486919991672039,0.15457800030708313,0,0.019089000299572945,0.9820809960365295,0.18749099969863892,0,-0.16093699634075165,-0.18206200003623962,0.9700270295143127,0,-1.2832950353622437,6.0237507820129395,0,1,0.971439003944397,0.2372180074453354,0.005859999917447567,0,-0.23721399903297424,0.971455991268158,-0.0013849999522790313,0,-0.006020999979227781,-0.000045000000682193786,0.9999819993972778,0,-0.052048999816179276,7.114596843719482,0,1,0.9914500117301941,-0.04997500032186508,0.12054099887609482,0,0.005874000024050474,0.9399120211601257,0.3413659930229187,0,-0.1303579956293106,-0.3377400040626526,0.9321690201759338,0,0,6.805192947387695,0,1,0.9989709854125977,0.044245000928640366,0.009983000345528126,0,-0.043522000312805176,0.8730689883232117,0.4856509864330292,0,0.012771000154316425,-0.4855859875679016,0.8740959763526917,0,0.2715049982070923,10.595919609069824,0,1,0.9984790086746216,0.05493199825286865,-0.004685999825596809,0,-0.05493199825286865,0.9984899759292603,0.00006600000051548705,0,0.004683000035583973,0.00019200000679120421,0.9999889731407166,0,-0.3518730103969574,8.602864265441895,0,1,0.07175300270318985,-0.07335200160741806,0.9947220087051392,0,-0.912759006023407,-0.40692299604415894,0.03583399951457977,0,0.40214699506759644,-0.9105119705200195,-0.09615100175142288,0,-8.724262237548828,20.03261375427246,-0.14440399408340454,1,0.7799710035324097,-0.42288100719451904,0.46132099628448486,0,-0.05806099995970726,0.685073971748352,0.7261559963226318,0,-0.6231160163879395,-0.5931659936904907,0.5097839832305908,0,0,18.97006607055664,0,1,0.8797889947891235,-0.4500170052051544,-0.15315300226211548,0,0.4455519914627075,0.8929439783096313,-0.06430300325155258,0,0.16569499671459198,-0.011664999648928642,0.9861080050468445,0,0,41.39778518676758,0,1,0.966484010219574,0.09204000234603882,0.23965999484062195,0,-0.08235599845647812,0.9953410029411316,-0.05013599991798401,0,-0.2431579977273941,0.02871900051832199,0.969560980796814,0,0,50.907127380371094,0,1,0.9361749887466431,-0.3253589868545532,-0.13310900330543518,0,0.33687299489974976,0.9385430216789246,0.0751900002360344,0,0.10046400129795074,-0.11523199826478958,0.9882450103759766,0,6.501555919647217,4.708508014678955,0,1,0.9979230165481567,0.02824000082910061,-0.057888999581336975,0,-0.017438000068068504,0.9836469888687134,0.1792609989643097,0,0.062004998326301575,-0.17788000404834747,0.9820970296859741,0,1.2856199741363525,6.291968822479248,0,1,0.9941819906234741,-0.10680799931287766,-0.01396000012755394,0,0.10678599774837494,0.9942790269851685,-0.002280999906361103,0,0.014124000445008278,0.0007769999792799354,0.9998999834060669,0,-0.38855698704719543,7.062751770019531,0,1,0.9745669960975647,-0.07552599906921387,-0.21098600327968597,0,0.14552000164985657,0.9292719960212708,0.3395270109176636,0,0.17042000591754913,-0.36159399151802063,0.9166280031204224,0,0,5.551045894622803,0,1,0.9998999834060669,0.014057000167667866,0.0015079999575391412,0,-0.013886000029742718,0.9564599990844727,0.2915329933166504,0,0.0026549999602138996,-0.2915250062942505,0.9565590023994446,0,-0.2370460033416748,10.696869850158691,0,1,0.9980800151824951,-0.061778001487255096,0.004561999812722206,0,0.061778001487255096,0.9980900287628174,0.00008900000102585182,0,-0.00455900002270937,0.00019299999985378236,0.9999899864196777,0,0.3691079914569855,8.683921813964844,0,1,-0.9873740077018738,-0.1088000014424324,-0.11513099819421768,0,0.09673400223255157,-0.9896860122680664,0.10565900057554245,0,-0.12544000148773193,0.09318800270557404,0.9877150058746338,0,15.292853355407715,-8.745742797851562,-0.448388010263443,1,0.998665988445282,-0.05131400004029274,0.005830000154674053,0,0.05091400071978569,0.9593539834022522,-0.27757400274276733,0,0.00865000020712614,0.2775000035762787,0.960686981678009,0,0,69.62959289550781,0,1,0.9086099863052368,-0.02065099962055683,0.41713398694992065,0,-0.3622699975967407,0.45801201462745667,0.8117790222167969,0,-0.20781700313091278,-0.8887060284614563,0.4086729884147644,0,0,66.46956634521484,0,1,0.9998080134391785,0.00030300000798888505,-0.019610000774264336,0,0.011777999810874462,0.7902119755744934,0.6127210259437561,0,0.01568100042641163,-0.6128339767456055,0.7900559902191162,0,0,32.214900970458984,0,1,-0.9671419858932495,0.06198500096797943,-0.24656400084495544,0,-0.10604099929332733,-0.9797859787940979,0.16962799429893494,0,-0.23106500506401062,0.19020099937915802,0.9541659951210022,0,-15.292853355407715,-8.745742797851562,-0.7227770090103149,1,0.9985449910163879,0.053141999989748,-0.009169000200927258,0,-0.0533440001308918,0.9484040141105652,-0.3125460147857666,0,-0.007912999950349331,0.3125799894332886,0.9498580098152161,0,0,69.60496520996094,0,1,0.9729260206222534,-0.05821099877357483,-0.22366799414157867,0,0.2234569936990738,0.48403701186180115,0.8460350036621094,0,0.059014998376369476,-0.873108983039856,0.4839400053024292,0,0,66.515380859375,0,1,0.9998250007629395,0.0007469999836757779,0.018706999719142914,0,-0.011950000189244747,0.7946320176124573,0.6069729924201965,0,-0.014411999844014645,-0.6070899963378906,0.7945020198822021,0,0,32.26641082763672,0,1
K0.033,0.999970018863678,-0.007370011415332556,0.002260990906506777,0,0.007301011588424444,0.9995499849319458,0.029096975922584534,0,-0.002474991139024496,-0.029078975319862366,0.9995740056037903,0,-13.26291275024414,163.69223022460938,11.41610050201416,1,0.9999889731407166,0.003382000606507063,-0.0032730004750192165,0,-0.0035050008445978165,0.9992550015449524,-0.03842700272798538,0,0.0031410004012286663,0.03843800351023674,0.9992560148239136,0,0,15.739898681640625,-0.603721022605896,1,0.9999399781227112,0.008986999280750751,-0.006333000957965851,0,-0.008987999521195889,0.9999600052833557,-0.0002020049432758242,0,0.006331000942736864,0.00025900494074448943,0.9999799728393555,0,0,18.37672233581543,0,1,0.9999399781227112,0.008986999280750751,-0.006333000957965851,0,-0.008987999521195889,0.9999600052833557,-0.0002020049432758242,0,0.006331000942736864,0.00025900494074448943,0.9999799728393555,0,0,21.00197410583496,0,1,0.9976739883422852,-0.03610299900174141,-0.057822998613119125,0,0.05023600161075592,0.9627559781074524,0.2656629979610443,0,0.04607800021767616,-0.26794999837875366,0.9623299837112427,0,0,23.627208709716797,0,1,0.9937270283699036,0.06960000097751617,0.08754099905490875,0,-0.05242900177836418,0.981328010559082,-0.18505999445915222,0,-0.09878700226545334,0.17930899560451508,0.9788200259208679,0,0,16.79718017578125,2.068665027618408,1,-0.0051229954697191715,0.042653001844882965,-0.9990770220756531,0,0.9089130163192749,-0.4163820147514343,-0.022436995059251785,0,-0.41695401072502136,-0.9081889986991882,-0.03663399815559387,0,8.724262237548828,20.032114028930664,-0.13136400282382965,1,0.7646830081939697,0.4444519877433777,-0.466607004404068,0,0.08038598299026489,0.652642011642456,0.7533900141716003,0,0.6393730044364929,-0.6136130094528198,0.4633360207080841,0,0,18.97006607055664,0,1,0.8992279767990112,0.4337640702724457,0.056901998817920685,0,-0.43441006541252136,0.9007139801979065,-0.0011080001713708043,0,-0.051732998341321945,-0.023723004385828972,0.9983789920806885,0,0,41.39856719970703,0,1,0.9948809742927551,0.030685950070619583,-0.09628088772296906,0,-0.04559092968702316,0.9866009950637817,-0.15665198862552643,0,0.09018390625715256,0.16023996472358704,0.98294997215271,0,0,50.92203903198242,0,1,0.9233969449996948,0.29838013648986816,-0.24146899580955505,0,-0.2712361812591553,0.9523409605026245,0.1395648866891861,0,0.2716039717197418,-0.06337884813547134,0.960319995880127,0,-6.465419769287109,4.1794562339782715,0,1,0.9868389964103699,-0.04784398525953293,0.15446700155735016,0,0.01836598478257656,0.9822080135345459,0.1868939846754074,0,-0.1606609970331192,-0.18159697949886322,0.9701600074768066,0,-1.2832950353622437,6.0237507820129395,0,1,0.971439003944397,0.2372180074453354,0.005859999917447567,0,-0.23721399903297424,0.971455991268158,-0.0013849999522790313,0,-0.006020999979227781,-0.000045000000682193786,0.9999819993972778,0,-0.052048999816179276,7.114596843719482,0,1,0.991445004940033,-0.05006001144647598,0.12054400146007538,0,0.006051001604646444,0.9401649832725525,0.3406660556793213,0,-0.13038499653339386,-0.337022066116333,0.9324250221252441,0,0,6.805192947387695,0,1,0.9989780187606812,0.04408400133252144,0.009933999739587307,0,-0.04336699843406677,0.8734419941902161,0.48499301075935364,0,0.012703999876976013,-0.4849280118942261,0.8744620084762573,0,0.2715049982070923,10.595919609069824,0,1,0.9984790086746216,0.054930999875068665,-0.004685999825596809,0,-0.05493199825286865,0.9984899759292603,0.00006600000051548705,0,0.004683000035583973,0.00019200000679120421,0.9999889731407166,0,-0.3518730103969574,8.602864265441895,0,1,0.07213100045919418,-0.07328999787569046,0.9946990013122559,0,-0.9126600027084351,-0.4071139991283417,0.03618500381708145,0,0.4023039937019348,-0.910431981086731,-0.09625399857759476,0,-8.724262237548828,20.03261375427246,-0.14440399408340454,1,0.777550995349884,-0.42431700229644775,0.4640800356864929,0,-0.0599990151822567,0.6845870018005371,0.7264569997787476,0,-0.6259510517120361,-0.5927019715309143,0.5068429708480835,0,0,18.97006607055664,0,1,0.8777850270271301,-0.45401203632354736,-0.15286099910736084,0,0.4495070278644562,0.8909180164337158,-0.0648760050535202,0,0.16564099490642548,-0.011765001341700554,0.9861159920692444,0,0,41.39778518676758,0,1,0.9664210081100464,0.09409801661968231,0.23911596834659576,0,-0.08531103283166885,0.9952520132064819,-0.04685896262526512,0,-0.242389976978302,0.024885959923267365,0.9698600172996521,0,0,50.907127380371094,0,1,0.9356780052185059,-0.3266700506210327,-0.13338902592658997,0,0.33813604712486267,0.9381549954414368,0.07435999810695648,0,0.10084901750087738,-0.11468001455068588,0.9882699847221375,0,6.501555919647217,4.708508014678955,0,1,0.997963011264801,0.026631999760866165,-0.05797199904918671,0,-0.015879999846220016,0.9837989807128906,0.17857100069522858,0,0.061788998544216156,-0.1772869974374771,0.9822180271148682,0,1.2856199741363525,6.291968822479248,0,1,0.9941819906234741,-0.10680799931287766,-0.01396000012755394,0,0.10678599774837494,0.9942790269851685,-0.002280999906361103,0,0.014124000445008278,0.0007769999792799354,0.9998999834060669,0,-0.38855698704719543,7.062751770019531,0,1,0.9745280146598816,-0.07679501920938492,-0.21070900559425354,0,0.14632701873779297,0.9297329783439636,0.33791300654411316,0,0.16995398700237274,-0.3601379990577698,0.9172880053520203,0,0,5.551045894622803,0,1,0.9999009966850281,0.013957003131508827,0.0015020001446828246,0,-0.013787003234028816,0.9562950134277344,0.29207900166511536,0,0.0026410005521029234,-0.29207101464271545,0.9563930034637451,0,-0.2370460033416748,10.696869850158691,0,1,0.9980800151824951,-0.06177699938416481,0.004561999812722206,0,0.061778001487255096,0.9980900287628174,0.00008900000102585182,0,-0.00455900002270937,0.00019299999985378236,0.9999899864196777,0,0.3691079914569855,8.683921813964844,0,1,-0.9872289896011353,-0.1096000149846077,-0.11561299860477448,0,0.09721700847148895,-0.989408016204834,0.10780202597379684,0,-0.1262030005455017,0.0951860249042511,0.9874269962310791,0,15.292853355407715,-8.745742797851562,-0.448388010263443,1,0.9986479878425598,-0.05161000415682793,0.006165003404021263,0,0.051204003393650055,0.9564829468727112,-0.28725913166999817,0,0.008929003961384296,0.2871861159801483,0.957832932472229,0,0,69.62959289550781,0,1,0.9087709784507751,-0.022905025631189346,0.4166649878025055,0,-0.3620840013027191,0.4530659317970276,0.8146330714225769,0,-0.2074359953403473,-0.8911830186843872,0.4034399390220642,0,0,66.46956634521484,0,1,0.9998189806938171,-0.0003810071502812207,-0.019022993743419647,0,0.01195600163191557,0.7903460264205933,0.6125440001487732,0,0.01480099093168974,-0.6126610040664673,0.790207028388977,0,0,32.214900970458984,0,1,-0.9663810133934021,0.06196499615907669,-0.24953502416610718,0,-0.10663800686597824,-0.9797099828720093,0.16969600319862366,0,-0.23395702242851257,0.19060100615024567,0.9533810019493103,0,-15.292853355407715,-8.745742797851562,-0.7227770090103149,1,0.9985299706459045,0.053384002298116684,-0.009332002140581608,0,-0.05356700345873833,0.9461249709129333,-0.31934109330177307,0,-0.008219003677368164,0.3193720877170563,0.9475939869880676,0,0,69.60496520996094,0,1,0.9734230041503906,-0.05739499256014824,-0.22170597314834595,0,0.22161997854709625,0.48010292649269104,0.8487560749053955,0,0.057726986706256866,-0.8753330111503601,0.48006293177604675,0,0,66.515380859375,0,1,0.9998250007629395,0.0009050018852576613,0.01870499923825264,0,-0.012076001614332199,0.7946059703826904,0.6070060133934021,0,-0.014313998632133007,-0.6071249842643738,0.7944769859313965,0,0,32.26641082763672,0,1
K0.067,0.9999629855155945,-0.008524988777935505,0.001362008973956108,0,0.008484987542033195,0.9996110200881958,0.026584023609757423,0,-0.0015880088321864605,-0.02657102420926094,0.999646008014679,0,-13.259660720825195,163.58119201660156,11.544692039489746,1,0.9999880194664001,0.00346099934540689,-0.0033209994435310364,0,-0.0035869991406798363,0.9992449879646301,-0.03867499530315399,0,0.0031849995721131563,0.03868699446320534,0.9992460012435913,0,0,15.739898681640625,-0.603721022605896,1,0.9999399781227112,0.008903000503778458,-0.006430998910218477,0,-0.008908000774681568,0.9999600052833557,-0.0006969950627535582,0,0.006423999089747667,0.0007539950311183929,0.9999790191650391,0,0,18.37672233581543,0,1,0.9999399781227112,0.008903000503778458,-0.006430998910218477,0,-0.008908000774681568,0.9999600052833557,-0.0006969950627535582,0,0.006423999089747667,0.0007539950311183929,0.9999790191650391,0,0,21.00197410583496,0,1,0.9976789951324463,-0.035996999591588974,-0.05779299885034561,0,0.05010699853301048,0.96287602186203,0.2652530074119568,0,0.04610000178217888,-0.26753300428390503,0.9624450206756592,0,0,23.627208709716797,0,1,0.9937329888343811,0.06958699971437454,0.08747900277376175,0,-0.05239500105381012,0.9812679886817932,-0.18538500368595123,0,-0.09873999655246735,0.17963899672031403,0.9787650108337402,0,0,16.79718017578125,2.068665027618408,1,-0.004658004734665155,0.04259999841451645,-0.999081015586853,0,0.9093959927558899,-0.415353000164032,-0.02195000648498535,0,-0.41590601205825806,-0.9086620211601257,-0.03680500015616417,0,8.724262237548828,20.032114028930664,-0.13136400282382965,1,0.7637379765510559,0.4448759853839874,-0.46775001287460327,0,0.07872101664543152,0.6550080180168152,0.7515109777450562,0,0.6407089829444885,-0.6107779741287231,0.4652329683303833,0,0,18.97006607055664,0,1,0.896589994430542,0.4391939342021942,0.05688399821519852,0,-0.4398479461669922,0.8980709910392761,-0.0011249998351559043,0,-0.051580000668764114,-0.024011995643377304,0.9983800053596497,0,0,41.39856719970703,0,1,0.9960290193557739,0.025648050010204315,-0.08526010811328888,0,-0.0386800654232502,0.9871709942817688,-0.15490801632404327,0,0.08019309490919113,0.15759003162384033,0.9842429757118225,0,0,50.92203903198242,0,1,0.9189150333404541,0.31241685152053833,-0.24081499874591827,0,-0.288910835981369,0.9487130641937256,0.1283521056175232,0,0.26856401562690735,-0.04837014898657799,0.9620469808578491,0,-6.465419769287109,4.1794562339782715,0,1,0.9869580268859863,-0.04618801549077034,0.1542080044746399,0,0.016955014318227768,0.9824519753456116,0.1857440173625946,0,-0.16008099913597107,-0.18070700764656067,0.9704220294952393,0,-1.2832950353622437,6.0237507820129395,0,1,0.971439003944397,0.2372180074453354,0.005859999917447567,0,-0.23721399903297424,0.971455991268158,-0.0013849999522790313,0,-0.006020999979227781,-0.000045000000682193786,0.9999819993972778,0,-0.052048999816179276,7.114596843719482,0,1,0.9913550019264221,-0.0512319877743721,0.12078999727964401,0,0.006173998583108187,0.9378129839897156,0.34708595275878906,0,-0.13106000423431396,-0.3433399498462677,0.9300220012664795,0,0,6.805192947387695,0,1,0.9989789724349976,0.044075001031160355,0.009933000430464745,0,-0.04335999861359596,0.8734610080718994,0.4849590063095093,0,0.01269800029695034,-0.4848940074443817,0.8744800090789795,0,0.2715049982070923,10.595919609069824,0,1,0.9984790086746216,0.05493199825286865,-0.004685999825596809,0,-0.05493199825286865,0.9984899759292603,0.00006600000051548705,0,0.004683000035583973,0.00019200000679120421,0.9999889731407166,0,-0.3518730103969574,8.602864265441895,0,1,0.07239899784326553,-0.07327699661254883,0.9946799874305725,0,-0.9128329753875732,-0.4066999852657318,0.03648099675774574,0,0.4018639922142029,-0.910618007183075,-0.09633500128984451,0,-8.724262237548828,20.03261375427246,-0.14440399408340454,1,0.7750139832496643,-0.4256899952888489,0.4670569598674774,0,-0.06160998344421387,0.6846609711647034,0.7262529730796814,0,-0.6289340257644653,-0.5916309952735901,0.5043950080871582,0,0,18.97006607055664,0,1,0.8756539821624756,-0.4582119584083557,-0.15254899859428406,0,0.45366495847702026,0.8887640237808228,-0.06547798961400986,0,0.16558299958705902,-0.011869998648762703,0.9861249923706055,0,0,41.39778518676758,0,1,0.9668310284614563,0.09585998207330704,0.23674502968788147,0,-0.08812396973371506,0.9951779842376709,-0.04307403787970543,0,-0.239732027053833,0.020782040432095528,0.9706169962882996,0,0,50.907127380371094,0,1,0.9333469867706299,-0.33216995000839233,-0.13611097633838654,0,0.3439919352531433,0.9360060095787048,0.07457700371742249,0,0.10262798517942429,-0.11642798781394958,0.9878829717636108,0,6.501555919647217,4.708508014678955,0,1,0.9979590177536011,0.026652999222278595,-0.058024000376462936,0,-0.015879999846220016,0.9837629795074463,0.17876799404621124,0,0.06184599921107292,-0.17748099565505981,0.9821789860725403,0,1.2856199741363525,6.291968822479248,0,1,0.9941819906234741,-0.10680799931287766,-0.01396000012755394,0,0.10678599774837494,0.9942790269851685,-0.002280999906361103,0,0.014123000204563141,0.0007769999792799354,0.9998999834060669,0,-0.38855698704719543,7.062751770019531,0,1,0.9743769764900208,-0.07882797718048096,-0.21065500378608704,0,0.14824599027633667,0.9294300079345703,0.3379090130329132,0,0.16915301978588104,-0.3604789972305298,0.9173009991645813,0,0,5.551045894622803,0,1,0.9998980164527893,0.014202997088432312,0.001509999856352806,0,-0.01402799692004919,0.9566980004310608,0.29074499011039734,0,0.0026849994901567698,-0.29073700308799744,0.9567989706993103,0,-0.2370460033416748,10.696869850158691,0,1,0.9980800151824951,-0.06177699938416481,0.004561999812722206,0,0.061778001487255096,0.9980900287628174,0.00008900000102585182,0,-0.00455900002270937,0.00019299999985378236,0.9999899864196777,0,0.3691079914569855,8.683921813964844,0,1,-0.9870749711990356,-0.11076398193836212,-0.11582200229167938,0,0.09805699437856674,-0.9890609979629517,0.11019197851419449,0,-0.12676000595092773,0.09741097688674927,0.9871389865875244,0,15.292853355407715,-8.745742797851562,-0.448388010263443,1,0.9986270070075989,-0.05197399482131004,0.006500996649265289,0,0.05154299736022949,0.9529730677604675,-0.2986408770084381,0,0.009325996041297913,0.29856589436531067,0.9543430805206299,0,0,69.62959289550781,0,1,0.9091050028800964,-0.02559497393667698,0.4157800078392029,0,-0.3615629971027374,0.44721606373786926,0.818088948726654,0,-0.20688199996948242,-0.8940600156784058,0.3973120450973511,0,0,66.46956634521484,0,1,0.9998310208320618,-0.0010959928622469306,-0.018372004851698875,0,0.012118997983634472,0.7904660105705261,0.6123859882354736,0,0.01385100930929184,-0.6125050187110901,0.7903450131416321,0,0,32.214900970458984,0,1,-0.9654719829559326,0.06177300214767456,-0.25307798385620117,0,-0.10715699195861816,-0.9796580076217651,0.16967099905014038,0,-0.23744897544384003,0.1909320056438446,0.9524509906768799,0,-15.292853355407715,-8.745742797851562,-0.7227770090103149,1,0.9985139966011047,0.05365299805998802,-0.00951399840414524,0,-0.053808994591236115,0.9433709979057312,-0.32734692096710205,0,-0.00858799647539854,0.3273729085922241,0.9448559880256653,0,0,69.60496520996094,0,1,0.9740099906921387,-0.056549008935689926,-0.2193310260772705,0,0.21944701671600342,0.4754190742969513,0.8519509434700012,0,0.056097015738487244,-0.8779399991035461,0.4754720628261566,0,0,66.515380859375,0,1,0.9998250007629395,0.0010909981792792678,0.018699999898672104,0,-0.012220998294651508,0.7945759892463684,0.6070420145988464,0,-0.0141960009932518,-0.6071640253067017,0.7944499850273132,0,0,32.26641082763672,0,1
K0.100,0.9999520182609558,-0.00973500031977892,0.0005320000345818698,0,0.009720000438392162,0.999671995639801,0.02367500029504299,0,-0.0007620000396855175,-0.02366900071501732,0.9997199773788452,0,-13.268609046936035,163.45472717285156,11.694329261779785,1,0.9999880194664001,0.0036140000447630882,-0.0033480001147836447,0,-0.0037410000804811716,0.9992349743843079,-0.03892099857330322,0,0.0032049999572336674,0.038933999836444855,0.9992370009422302,0,0,15.739898681640625,-0.603721022605896,1,0.9999390244483948,0.008961999788880348,-0.00648299977183342,0,-0.008968999609351158,0.9999589920043945,-0.0011869999580085278,0,0.006471999920904636,0.0012450000504031777,0.9999780058860779,0,0,18.37672233581543,0,1,0.9999390244483948,0.008961999788880348,-0.00648299977183342,0,-0.008968999609351158,0.9999589920043945,-0.0011869999580085278,0,0.006471999920904636,0.0012450000504031777,0.9999780058860779,0,0,21.00197410583496,0,1,0.9976810216903687,-0.035937998443841934,-0.05779999867081642,0,0.05002199858427048,0.9630529880523682,0.26462700963020325,0,0.046153999865055084,-0.26690399646759033,0.9626169800758362,0,0,23.627208709716797,0,1,0.9937580227851868,0.06936000287532806,0.08737300336360931,0,-0.05213199928402901,0.9811739921569824,-0.18595699965953827,0,-0.09862600266933441,0.18024200201034546,0.9786649942398071,0,0,16.79718017578125,2.068665027618408,1,-0.00432599987834692,0.042541999369859695,-0.999085009098053,0,0.9100040197372437,-0.41403698921203613,-0.021570999175310135,0,-0.41457599401474,-0.9092649817466736,-0.03692200034856796,0,8.724262237548828,20.032114028930664,-0.13136400282382965,1,0.7625960111618042,0.44541001319885254,-0.46910300850868225,0,0.07793699949979782,0.6566359996795654,0.7501699924468994,0,0.6421629786491394,-0.6086369752883911,0.4660339951515198,0,0,18.97006607055664,0,1,0.8940309882164001,0.4443809986114502,0.05687199905514717,0,-0.44504299759864807,0.8955079913139343,-0.0011409999569877982,0,-0.05143599957227707,-0.024289999157190323,0.9983810186386108,0,0,41.39856719970703,0,1,0.9968889951705933,0.02916800044476986,-0.07322300225496292,0,-0.04052000120282173,0.9864959716796875,-0.15869300067424774,0,0.06760600209236145,0.1611669957637787,0.9846090078353882,0,0,50.92203903198242,0,1,0.9057610034942627,0.3554779887199402,-0.23072299361228943,0,-0.3374119997024536,0.9343159794807434,0.1149199977517128,0,0.25641900300979614,-0.02624100260436535,0.9662089943885803,0,-6.465419769287109,4.1794562339782715,0,1,0.987542986869812,-0.03755100071430206,0.15280400216579437,0,0.009591000154614449,0.9836649894714355,0.17975300550460815,0,-0.1570580005645752,-0.17604799568653107,0.9717720150947571,0,-1.2832950353622437,6.0237507820129395,0,1,0.971439003944397,0.2372180074453354,0.005859999917447567,0,-0.23721399903297424,0.971455991268158,-0.0013849999522790313,0,-0.006020999979227781,-0.000045000000682193786,0.9999819993972778,0,-0.052048999816179276,7.114596843719482,0,1,0.9913790225982666,-0.05009499937295914,0.12107300013303757,0,0.003619000082835555,0.9341449737548828,0.3568759858608246,0,-0.13097700476646423,-0.35336101055145264,0.9262719750404358,0,0,6.805192947387695,0,1,0.9989759922027588,0.044133998453617096,0.009956000372767448,0,-0.043418001383543015,0.8733220100402832,0.4852040112018585,0,0.01271899975836277,-0.48513999581336975,0.874343991279602,0,0.2715049982070923,10.595919609069824,0,1,0.9984790086746216,0.05493199825286865,-0.004685999825596809,0,-0.05493199825286865,0.9984899759292603,0.00006600000051548705,0,0.004683000035583973,0.00019200000679120421,0.9999889731407166,0,-0.3518730103969574,8.602864265441895,0,1,0.07316400110721588,-0.0732399970293045,0.9946269989013672,0,-0.9132969975471497,-0.405580997467041,0.037317000329494476,0,0.40066900849342346,-0.9111199975013733,-0.09656400233507156,0,-8.724262237548828,20.03261375427246,-0.14440399408340454,1,0.7732449769973755,-0.4267530143260956,0.4690139889717102,0,-0.06170300021767616,0.685496985912323,0.7254559993743896,0,-0.6310979723930359,-0.5898950099945068,0.503724992275238,0,0,18.97006607055664,0,1,0.8741629719734192,-0.461122989654541,-0.15233099460601807,0,0.45654600858688354,0.8872560262680054,-0.06589599698781967,0,0.16554300487041473,-0.0119420001283288,0.9861299991607666,0,0,41.39778518676758,0,1,0.9681140184402466,0.09441599994897842,0.23203599452972412,0,-0.08689899742603302,0.9953129887580872,-0.04242800176143646,0,-0.23495399951934814,0.02091200090944767,0.9717810153961182,0,0,50.907127380371094,0,1,0.9286400079727173,-0.3426859974861145,-0.1421079933643341,0,0.3554700016975403,0.9315490126609802,0.07653000205755234,0,0.10615400224924088,-0.12158399820327759,0.9868879914283752,0,6.501555919647217,4.708508014678955,0,1,0.9979659914970398,0.02626500092446804,-0.058083999902009964,0,-0.01548799965530634,0.9837750196456909,0.17873699963092804,0,0.06183600053191185,-0.17747299373149872,0.9821810126304626,0,1.2856199741363525,6.291968822479248,0,1,0.9941819906234741,-0.10680799931287766,-0.01396000012755394,0,0.10678599774837494,0.9942790269851685,-0.002280999906361103,0,0.014124000445008278,0.0007769999792799354,0.9998999834060669,0,-0.38855698704719543,7.062751770019531,0,1,0.9741089940071106,-0.08209499716758728,-0.21064899861812592,0,0.1514810025691986,0.9286659955978394,0.33857399225234985,0,0.16782699525356293,-0.36171698570251465,0.917057991027832,0,0,5.551045894622803,0,1,0.999888002872467,0.014897000044584274,0.001534000039100647,0,-0.01471100002527237,0.9578260183334351,0.2869740128517151,0,0.0028059999458491802,-0.2869639992713928,0.9579370021820068,0,-0.2370460033416748,10.696869850158691,0,1,0.9980800151824951,-0.061778001487255096,0.004561999812722206,0,0.061778001487255096,0.9980900287628174,0.00008900000102585182,0,-0.00455900002270937,0.00019299999985378236,0.9999899864196777,0,0.3691079914569855,8.683921813964844,0,1,-0.9869470000267029,-0.11205799877643585,-0.11566899716854095,0,0.09909199923276901,-0.9887160062789917,0.11234699934720993,0,-0.12695400416851044,0.0994189977645874,0.9869139790534973,0,15.292853355407715,-8.745742797851562,-0.448388010263443,1,0.9986039996147156,-0.052372999489307404,0.006918999832123518,0,0.05192900076508522,0.949084997177124,-0.31071001291275024,0,0.009705999866127968,0.3106360137462616,0.9504789710044861,0,0,69.62959289550781,0,1,0.9096189737319946,-0.028511999174952507,0.41446301341056824,0,-0.3606890141963959,0.44083601236343384,0.8219289779663086,0,-0.2061460018157959,-0.8971350193023682,0.3907090127468109,0,0,66.46956634521484,0,1,0.9998409748077393,-0.001762000028975308,-0.017740000039339066,0,0.012257000431418419,0.7905439734458923,0.6122819781303406,0,0.012946000322699547,-0.6124029755592346,0.790440022945404,0,0,32.214900970458984,0,1,-0.9645259976387024,0.061629001051187515,-0.25669199228286743,0,-0.1077210009098053,-0.9796130061149597,0.16957199573516846,0,-0.24100899696350098,0.19120800495147705,0.9515010118484497,0,-15.292853355407715,-8.745742797851562,-0.7227770090103149,1,0.9984959959983826,0.053971998393535614,-0.00966500025242567,0,-0.054076001048088074,0.9401819705963135,-0.33635300397872925,0,-0.009066999889910221,0.33636999130249023,0.9416859745979309,0,0,69.60496520996094,0,1,0.974606990814209,-0.05564799904823303,-0.2168949991464615,0,0.21722500026226044,0.47005999088287354,0.8554869890213013,0,0.05434799939393997,-0.8808789849281311,0.47021201252937317,0,0,66.515380859375,0,1,0.9998239874839783,0.0012600000482052565,0.018712999299168587,0,-0.012362999841570854,0.794547975063324,0.6070759892463684,0,-0.01410400029271841,-0.607200026512146,0.7944239974021912,0,0,32.26641082763672,0,1
