3.233,30,96,41
B0,mixamorig_Hips,-1,0.7244514226913452,-0.1600269228219986,-0.6699799299240112,0,0.3389880657196045,0.9290566444396973,0.14502869546413422,0,0.5993253588676453,-0.33200326561927795,0.7280235886573792,0,-15.549702644348145,136.51768493652344,-8.233840942382812,1
B1,mixamorig_Spine,0,0.9994576573371887,0.01053339708596468,0.027901969850063324,0,-0.0110707962885499,0.9995967149734497,0.02060690149664879,0,-0.027798863127827644,-0.02096719667315483,0.9993424415588379,0,0,15.77532958984375,-0.517041027545929,1
B2,mixamorig_Spine1,1,0.9956672787666321,0.06295578926801682,0.06348642706871033,0,-0.06441202014684677,0.9973198771476746,0.022915298119187355,0,-0.062153007835149765,-0.027168216183781624,0.9975873827934265,0,0,18.4144229888916,0,1
B3,mixamorig_Spine2,2,0.9956769347190857,0.0647263154387474,0.06157103553414345,0,-0.06610478460788727,0.9972238540649414,0.022530172020196915,0,-0.06021791696548462,-0.02677254006266594,0.9977105855941772,0,0,21.045076370239258,0,1
B4,mixamorig_Neck,3,0.9977220296859741,0.044189684092998505,0.04026772454380989,0,-0.050273388624191284,0.9843349456787109,0.1657777726650238,0,-0.032652758061885834,-0.16764456033706665,0.9852543473243713,0,0,23.675701141357422,0,1
B5,mixamorig_Head,4,0.9290364384651184,0.2458551526069641,0.25475266575813293,0,-0.34205034375190735,0.8118711709976196,0.46208831667900085,0,-0.09663742035627365,-0.5190082788467407,0.848397433757782,0,0,18.886199951171875,2.2194950580596924,1
B6,mixamorig_HeadTop_End,5,1,0,0,0,0,1,0,0,0,0,1,0,0,46.124481201171875,5.420522212982178,1
B7,mixamorig_LeftShoulder,3,0.24223852157592773,-0.015004521235823631,-0.9698295593261719,0,0.9687849879264832,-0.04459085315465927,0.24264973402023315,0,-0.04681965708732605,-0.9988616108894348,0.0035664851311594248,0,9.035642623901367,19.706745147705078,-0.14443500339984894,1
B8,mixamorig_LeftArm,7,0.9468605518341064,-0.02930365689098835,0.31766772270202637,0,-0.09810877591371536,0.9197870492935181,0.37718909978866577,0,-0.3045462667942047,-0.3888905942440033,0.8692538142204285,0,0,19.80775260925293,0,1
B9,mixamorig_LeftForeArm,8,-0.24543233215808868,0.9661117792129517,0.039729997515678406,0,-0.9661603569984436,-0.2466609627008438,0.02958081290125847,0,0.0385257750749588,-0.031125713139772415,0.9987699389457703,0,0,40.20950698852539,0,1
B10,mixamorig_LeftHand,9,0.3170902132987976,0.2760811150074005,-0.9072927832603455,0,-0.7007317543029785,0.712691068649292,-0.028151504695415497,0,0.6388506889343262,0.6446759104728699,0.41948583722114563,0,0,49.287017822265625,0,1
B11,mixamorig_LeftHandThumb1,10,0.7538810968399048,0.6535831093788147,-0.0660955160856247,0,-0.6132266521453857,0.7361672520637512,0.2859593629837036,0,0.23546202480793,-0.17510777711868286,0.955896258354187,0,-5.663900852203369,6.149862766265869,0,1
B12,mixamorig_LeftHandThumb2,11,0.9737924933433533,-0.22095294296741486,0.05392158403992653,0,0.21986326575279236,0.9751992225646973,0.02543264627456665,0,-0.05820406600832939,-0.012911178171634674,0.9982208013534546,0,0.07427600026130676,6.688110828399658,0,1
B13,mixamorig_LeftHandThumb3,12,0.7904354333877563,0.6077441573143005,-0.07649905979633331,0,-0.5991955995559692,0.7412351369857788,-0.3025374114513397,0,-0.12716086208820343,0.2849729657173157,0.9500626921653748,0,-1.9064329862594604,8.77306079864502,0,1
B14,mixamorig_LeftHandThumb4,13,1,0,0,0,0,1,0,0,0,0,1,0,1.832157015800476,7.4646477699279785,0,1
B15,mixamorig_LeftHandIndex1,10,0.9984038472175598,0.033589791506528854,0.04374569654464722,0,-0.05427873134613037,0.4620118737220764,0.8843880295753479,0,0.009934966452419758,-0.8854645490646362,0.4631901681423187,0,0,9.39650821685791,0,1
B16,mixamorig_LeftHandIndex2,15,0.9991768598556519,0.03767256811261177,0.014885765500366688,0,-0.036347340792417526,0.6723968982696533,0.7388936877250671,0,0.01788063533604145,-0.7388272285461426,0.6732180118560791,0,0.17730900645256042,11.760971069335938,0,1
B17,mixamorig_LeftHandIndex3,16,0.9953668713569641,0.09107554703950882,0.030742041766643524,0,-0.0844057947397232,0.6752461194992065,0.7323607206344604,0,0.045993510633707047,-0.7315614819526672,0.6798093318939209,0,-0.2071390002965927,9.901514053344727,0,1
B18,mixamorig_LeftHandIndex4,17,1,0,0,0,0,1,0,0,0,0,1,0,0.029829999431967735,7.350320816040039,0,1
B19,mixamorig_RightShoulder,3,-0.15536995232105255,-0.06601480394601822,0.9850758910179138,0,-0.8076520562171936,-0.5630565285682678,-0.1647835522890091,0,0.5657137036323547,-0.8223226070404053,0.035764798521995544,0,-9.035642623901367,19.7058048248291,-0.11576300114393234,1
B20,mixamorig_RightArm,19,0.851134181022644,-0.008798519149422646,-0.5207666754722595,0,0.28196579217910767,0.8450464010238647,0.4483681321144104,0,0.4394606947898865,-0.5316846370697021,0.7225139141082764,0,0,19.80775260925293,0,1
B21,mixamorig_RightForeArm,20,-0.1603466123342514,-0.9863021373748779,-0.037542957812547684,0,0.9863495826721191,-0.16152067482471466,0.03064032271504402,0,-0.03628724440932274,-0.032117415219545364,0.998824954032898,0,0,40.20464324951172,0,1
B22,mixamorig_RightHand,21,0.7691450119018555,-0.24128401279449463,0.5901374816894531,0,0.514382004737854,0.7804061770439148,-0.35307076573371887,0,-0.3758244216442108,0.5765276551246643,0.7240927815437317,0,0,49.27713394165039,0,1
B23,mixamorig_RightHandThumb1,22,0.7475399971008301,-0.648898184299469,0.14114029705524445,0,0.612408459186554,0.755813717842102,0.2313077300786972,0,-0.25680094957351685,-0.08650461584329605,0.962583601474762,0,5.415946006774902,6.281674861907959,0,1
B24,mixamorig_RightHandThumb2,23,0.9707569479942322,0.23588351905345917,-0.04460560157895088,0,-0.23553931713104248,0.9717793464660645,0.012883893214166164,0,0.04638632386922836,-0.0020003467798233032,0.9989216923713684,0,-0.16221599280834198,6.633286952972412,0,1
B25,mixamorig_RightHandThumb3,24,0.9544690847396851,-0.2930736243724823,0.052810803055763245,0,0.2967265546321869,0.9211347103118896,-0.2513280510902405,0,0.02505173534154892,0.2555379569530487,0.9664566516876221,0,1.8871899843215942,8.678451538085938,0,1
B26,mixamorig_RightHandThumb4,25,1,0,0,0,0,1,0,0,0,0,1,0,-1.7249749898910522,7.733068943023682,0,1
B27,mixamorig_RightHandIndex1,22,0.997321605682373,-0.051471251994371414,-0.0515047125518322,0,0.07260012626647949,0.6372280716896057,0.7669755220413208,0,-0.006564870942384005,-0.7686655521392822,0.6392843127250671,0,0,9.64711856842041,-9.999999974752427e-7,1
B28,mixamorig_RightHandIndex2,27,0.9999904036521912,-0.004075969103723764,-0.0010347082279622555,0,0.004053295589983463,0.8710037469863892,0.4909842908382416,0,-0.0011203098110854626,-0.4909842908382416,0.871013343334198,0,-0.2138179987668991,12.176512718200684,0,1
B29,mixamorig_RightHandIndex3,28,0.9983327388763428,-0.056989576667547226,-0.009094675071537495,0,0.05203990265727043,0.8209556937217712,0.568358302116394,0,-0.024946752935647964,-0.567883312702179,0.8225544095039368,0,0.17326200008392334,9.65501594543457,0,1
B30,mixamorig_RightHandIndex4,29,1,0,0,0,0,1,0,0,0,0,1,0,0.04055599868297577,6.9557600021362305,0,1
B31,mixamorig_LeftUpLeg,0,-0.9944180846214294,-0.09256353229284286,0.04407018795609474,0,0.08024366199970245,-0.44643038511276245,0.8906459808349609,0,-0.06288032233715057,0.8891708850860596,0.4514617323875427,0,15.452430725097656,-8.73577880859375,0.11138299852609634,1
B32,mixamorig_LeftLeg,31,0.9870366454124451,0.15850399434566498,-0.020493891090154648,0,-0.03384698927402496,0.08214203268289566,-0.9957345128059387,0,-0.15646804869174957,0.9836837649345398,0.08648013323545456,0,0,68.6116943359375,0,1
B33,mixamorig_LeftFoot,32,0.9048369526863098,-0.06365800648927689,0.42022955417633057,0,-0.4179743230342865,0.04647701233625412,0.9071085453033447,0,-0.07719831168651581,-0.9967289566993713,0.0151540981605649,0,0,67.81954193115234,0,1
B34,mixamorig_LeftToeBase,33,0.9900290369987488,-0.016385456547141075,0.13990922272205353,0,-0.08023165911436081,0.7507784962654114,0.655661940574646,0,-0.1157841682434082,-0.6603495478630066,0.7419770956039429,0,0,33.82291030883789,0,1
B35,mixamorig_LeftToe_End,34,1,0,0,0,0,1,0,0,0,0,1,0,0,12.724933624267578,0,1
B36,mixamorig_RightUpLeg,0,-0.9911631941795349,-0.0012151829432696104,-0.13048198819160461,0,-0.09992055594921112,-0.637260913848877,0.7638943791389465,0,-0.08428176492452621,0.7702372074127197,0.6318995952606201,0,-15.452430725097656,-8.73577880859375,-0.15540599822998047,1
B37,mixamorig_RightLeg,36,0.9847403764724731,-0.011042666621506214,-0.17310039699077606,0,-0.16572745144367218,0.23601385951042175,-0.9574036598205566,0,0.05154993385076523,0.9715811014175415,0.23068653047084808,0,0,68.59613800048828,0,1
B38,mixamorig_RightFoot,37,0.9735820889472961,-0.051180049777030945,-0.22226426005363464,0,0.2168778032064438,-0.08969616144895554,0.9717532396316528,0,-0.06975695490837097,-0.9943000078201294,-0.07616795599460602,0,0,67.8037109375,0,1
B39,mixamorig_RightToeBase,38,0.9922122359275818,0.007161144632846117,-0.12408380210399628,0,0.07017681747674942,0.7926549911499023,0.6045381426811218,0,0.10266575962305069,-0.60854172706604,0.7859792709350586,0,0,33.953025817871094,0,1
B40,mixamorig_RightToe_End,39,1,0,0,0,0,1,0,0,0,0,1,0,0,12.887110710144043,0,1
@34,0,1,2,3,4,5,7,8,9,10,11,12,13,15,16,17,19,20,21,22,23,24,25,27,28,29,31,32,33,34,36,37,38,39
K0.000,0.9651129841804504,0.14550000429153442,0.2176869958639145,0,-0.21528500318527222,0.9141640067100525,0.3434489965438843,0,-0.14902999997138977,-0.3783319890499115,0.9135950207710266,0,-0.8529109954833984,145.4622802734375,1.2010339498519897,1,0.9963439702987671,-0.08453100174665451,-0.012389999814331532,0,0.08195800334215164,0.9866480231285095,-0.14074499905109406,0,0.024121999740600586,0.13921500742435455,0.9899680018424988,0,0,15.77532958984375,-0.517041027545929,1,0.9870929718017578,-0.15742400288581848,-0.029426999390125275,0,0.14927999675273895,0.9709669947624207,-0.18691900372505188,0,0.05799800157546997,0.18011300265789032,0.9819340109825134,0,0,18.4144229888916,0,1,0.9871270060539246,-0.15621599555015564,-0.03429900109767914,0,0.14718100428581238,0.9711880087852478,-0.18743300437927246,0,0.06259100139141083,0.17997199296951294,0.9816780090332031,0,0,21.045076370239258,0,1,0.9996240139007568,-0.026290999725461006,0.007751999888569117,0,0.025165999308228493,0.9923930168151855,0.12051399797201157,0,-0.010861000046133995,-0.12027300149202347,0.9926810264587402,0,0,23.675701141357422,0,1,0.959604024887085,0.24550800025463104,0.13742400705814362,0,-0.21336500346660614,0.9533920288085938,-0.21335099637508392,0,-0.18339799344539642,0.17541100084781647,0.9672620296478271,0,0,18.886199951171875,2.2194950580596924,1,-0.3937849998474121,0.043526001274585724,-0.9181720018386841,0,0.8121920228004456,-0.45127299427986145,-0.36972498893737793,0,-0.43043801188468933,-0.891323983669281,0.14235299825668335,0,9.035642623901367,19.706745147705078,-0.14443500339984894,1,0.7155560255050659,-0.3919849991798401,0.5782099962234497,0,0.02490900084376335,0.841513991355896,0.5396599769592285,0,-0.6981109976768494,-0.3717550039291382,0.6119149923324585,0,0,19.80775260925293,0,1,-0.498649001121521,0.8655019998550415,0.04748300090432167,0,-0.8655459880828857,-0.5001279711723328,0.026499999687075615,0,0.04668400064110756,-0.027884000912308693,0.998520016670227,0,0,40.20950698852539,0,1,0.9516230225563049,0.059053998440504074,-0.30153998732566833,0,-0.28199899196624756,0.5575730204582214,-0.7807610034942627,0,0.12202399969100952,0.8280249834060669,0.5472530126571655,0,0,49.287017822265625,0,1,0.8902660012245178,0.42869600653648376,-0.15377399325370789,0,-0.3860679864883423,0.8894630074501038,0.24455399811267853,0,0.24161499738693237,-0.15835100412368774,0.9573649764060974,0,-5.663900852203369,6.149862766265869,0,1,0.9340559840202332,-0.35701099038124084,-0.009039999917149544,0,0.3570599853992462,0.9330980181694031,0.042847998440265656,0,-0.006862000096589327,-0.04324999824166298,0.9990410208702087,0,0.07427600026130676,6.688110828399658,0,1,0.9495459794998169,0.3049589991569519,-0.073232002556324,0,-0.3135429918766022,0.9175919890403748,-0.24436600506305695,0,-0.007325000129640102,0.25499799847602844,0.9669139981269836,0,-1.9064329862594604,8.77306079864502,0,1,0.9989780187606812,0.018292000517249107,-0.041342999786138535,0,0.0358240008354187,0.237527996301651,0.9707199931144714,0,0.02757599949836731,-0.9712089896202087,0.23662899434566498,0,0,9.39650821685791,0,1,0.9979299902915955,0.0560230016708374,0.03158999979496002,0,-0.05353299900889397,0.451308012008667,0.8907610177993774,0,0.035645999014377594,-0.890608012676239,0.453372985124588,0,0.17730900645256042,11.760971069335938,0,1,0.9933599829673767,0.1035970002412796,0.050043001770973206,0,-0.09325200319290161,0.47023698687553406,0.8776000142097473,0,0.0673850029706955,-0.8764389753341675,0.47677499055862427,0,-0.2071390002965927,9.901514053344727,0,1,-0.1428920030593872,0.01046799961477518,0.9896829724311829,0,-0.9526640176773071,-0.2725749909877777,-0.13466399908065796,0,0.2683529853820801,-0.9620779752731323,0.048921000212430954,0,-9.035642623901367,19.7058048248291,-0.11576300114393234,1,0.9210799932479858,0.37132900953292847,-0.1171569973230362,0,-0.17143100500106812,0.6568920016288757,0.7342380285263062,0,0.34960299730300903,-0.6562079787254333,0.668707013130188,0,0,19.80775260925293,0,1,-0.6983640193939209,-0.7136840224266052,-0.054255999624729156,0,0.7137179970741272,-0.7000830173492432,0.02217100001871586,0,-0.05380700156092644,-0.023240000009536743,0.9982810020446777,0,0,40.20464324951172,0,1,0.4549559950828552,-0.19954000413417816,0.8678699731826782,0,0.49026501178741455,0.869704008102417,-0.05704599991440773,0,-0.7434070110321045,0.4514400064945221,0.49350500106811523,0,0,49.27713394165039,0,1,0.8600239753723145,-0.4810830056667328,0.17005300521850586,0,0.4407399892807007,0.8683239817619324,0.22751200199127197,0,-0.2571130096912384,-0.12071699649095535,0.9588119983673096,0,5.415946006774902,6.281674861907959,0,1,0.9345290064811707,0.355881005525589,0.0023109999019652605,0,-0.3558189868927002,0.9341989755630493,0.025790000334382057,0,0.007019000127911568,-0.02492400072515011,0.9996650218963623,0,-0.16221599280834198,6.633286952972412,0,1,0.996832013130188,0.04335400089621544,0.06667400151491165,0,-0.02870599925518036,0.9779750108718872,-0.2067359983921051,0,-0.07416799664497375,0.20416800677776337,0.9761220216751099,0,1.8871899843215942,8.678451538085938,0,1,0.9938780069351196,-0.07063200324773788,-0.08495700359344482,0,0.10310299694538116,0.3166100084781647,0.9429360032081604,0,-0.03970300033688545,-0.9459229707717896,0.32195401191711426,0,0,9.64711856842041,0,1,0.9995599985122681,-0.027111999690532684,-0.012023000046610832,0,0.027024000883102417,0.6655269861221313,0.7458840012550354,0,-0.01221999991685152,-0.7458810210227966,0.6659669876098633,0,-0.2138179987668991,12.176512718200684,0,1,0.9967589974403381,-0.07638700306415558,-0.025242000818252563,0,0.06573999673128128,0.592519998550415,0.8028690218925476,0,-0.046372998505830765,-0.8019260168075562,0.5956209897994995,0,0.17326200008392334,9.65501594543457,0,1,-0.9985499978065491,-0.012702000327408314,-0.05230800062417984,0,-0.029596000909805298,-0.682142972946167,0.7306190133094788,0,-0.04496200010180473,0.7311080098152161,0.6807780265808105,0,15.452430725097656,-8.73577880859375,0.11138299852609634,1,0.9945359826087952,0.015526999719440937,-0.10323700308799744,0,-0.09850999712944031,0.4669789969921112,-0.8787639737129211,0,0.03456500172615051,0.8841320276260376,0.46595698595046997,0,0,68.6116943359375,0,1,0.9677389860153198,0.05575999990105629,0.2457049936056137,0,-0.24659499526023865,0.009565000422298908,0.9690719842910767,0,0.05168500170111656,-0.9983980059623718,0.023005999624729156,0,0,67.81954193115234,0,1,0.9912359714508057,-0.010079000145196915,0.13172100484371185,0,-0.0749799981713295,0.7779979705810547,0.6237769722938538,0,-0.10876499861478806,-0.6281859874725342,0.7704229950904846,0,0,33.82291030883789,0,1,-0.9562050104141235,0.28258201479911804,0.07628300040960312,0,-0.07147099822759628,-0.47815099358558655,0.8753650188446045,0,0.2838369905948639,0.8315759897232056,0.4774070084095001,0,-15.452430725097656,-8.73577880859375,-0.15540599822998047,1,0.9909800291061401,-0.09212999790906906,0.09731700271368027,0,0.12218700349330902,0.3229590058326721,-0.9384920001029968,0,0.05503400042653084,0.9419180154800415,0.3313030004501343,0,0,68.59613800048828,0,1,0.9740170240402222,0.07239700108766556,-0.21458999812602997,0,0.19464200735092163,0.2167939990758896,0.9566159844398499,0,0.11577799916267395,-0.9735289812088013,0.19707000255584717,0,0,67.8037109375,0,1,0.989022970199585,0.023771999403834343,-0.1458369940519333,0,0.08468499779701233,0.7176039814949036,0.6912840008735657,0,0.12108699977397919,-0.696045994758606,0.7077130079269409,0,0,33.953025817871094,0,1
K0.033,0.9828450679779053,0.1619650274515152,0.08822090923786163,0,-0.18353457748889923,0.9060779213905334,0.38123130798339844,0,-0.0181889571249485,-0.39088311791419983,0.9202609658241272,0,-1.6990926265716553,146.91127014160156,2.1542577743530273,1,0.9958009719848633,-0.09146992862224579,-0.003595952643081546,0,0.08975393325090408,0.9833409786224365,-0.15806707739830017,0,0.017994947731494904,0.15708006918430328,0.987421989440918,0,0,15.77532958984375,-0.517041027545929,1,0.9877439737319946,-0.15567685663700104,-0.0112419119104743,0,0.150040864944458,0.9668920040130615,-0.20641611516475677,0,0.04300390183925629,0.20219914615154266,0.9783999919891357,0,0,18.4144229888916,0,1,0.987824022769928,-0.15479084849357605,-0.015579910017549992,0,0.14828886091709137,0.9671260118484497,-0.20658811926841736,0,0.04704589769244194,0.2017621546983719,0.9783040285110474,0,0,21.045076370239258,0,1,0.9992219805717468,-0.037239015102386475,-0.012998286634683609,0,0.0386800579726696,0.9896500110626221,0.13818807899951935,0,0.007718278095126152,-0.13858409225940704,0.9903209805488586,0,0,23.675701141357422,0,1,0.9877070784568787,0.1504768580198288,0.04231131076812744,0,-0.1446119248867035,0.9824161529541016,-0.11809393763542175,0,-0.05933715030550957,0.11052405089139938,0.9921000003814697,0,0,18.886199951171875,2.2194950580596924,1,-0.43745696544647217,0.04291899874806404,-0.8982149958610535,0,0.8046180009841919,-0.427325040102005,-0.4122909605503082,0,-0.40152403712272644,-0.9030789732933044,0.15240298211574554,0,9.035642623901367,19.706745147705078,-0.14443500339984894,1,0.7623448371887207,-0.3933382034301758,0.5139212012290955,0,0.027746791020035744,0.8132400512695312,0.5812668800354004,0,-0.646575927734375,-0.42886650562286377,0.6308826804161072,0,0,19.80775260925293,0,1,-0.5996200442314148,0.7986849546432495,0.05057400465011597,0,-0.798725962638855,-0.6011980772018433,0.02445499785244465,0,0.04993700236082077,-0.025730997323989868,0.9984210133552551,0,0,40.20950698852539,0,1,0.918459415435791,0.05830403044819832,-0.3911941349506378,0,-0.35549983382225037,0.5552113056182861,-0.751904308795929,0,0.1733558177947998,0.8296637535095215,0.5306659936904907,0,0,49.287017822265625,0,1,0.8746468424797058,0.4614033102989197,-0.1486639529466629,0,-0.4191263020038605,0.8738728165626526,0.24633198976516724,0,0.24357199668884277,-0.1531449258327484,0.9577159881591797,0,-5.663900852203369,6.149862766265869,0,1,0.9265859127044678,-0.37591612339019775,-0.011175014078617096,0,0.3760121166706085,0.925430953502655,0.0468120276927948,0,-0.007256004028022289,-0.04757703095674515,0.9988409876823425,0,0.07427600026130676,6.688110828399658,0,1,0.9526270031929016,0.29520997405052185,-0.07316800206899643,0,-0.30411598086357117,0.9213799834251404,-0.2420159876346588,0,-0.004029987379908562,0.2528029978275299,0.9675089716911316,0,-1.9064329862594604,8.77306079864502,0,1,0.998760998249054,0.02781708911061287,-0.041263826191425323,0,0.036196835339069366,0.16293346881866455,0.985973060131073,0,0.03415004909038544,-0.9862450361251831,0.16172446310520172,0,0,9.39650821685791,0,1,0.9976699948310852,0.0586400143802166,0.034868016839027405,0,-0.05592801421880722,0.41030076146125793,0.9102340936660767,0,0.039070021361112595,-0.9100631475448608,0.4126247763633728,0,0.17730900645256042,11.760971069335938,0,1,0.9930059909820557,0.1052040085196495,0.05357802286744118,0,-0.0941930040717125,0.43237072229385376,0.8967631459236145,0,0.07117702066898346,-0.8955380916595459,0.4392557442188263,0,-0.2071390002965927,9.901514053344727,0,1,-0.26047536730766296,0.0212120208889246,0.9652478694915771,0,-0.9308908581733704,-0.2707279920578003,-0.24525433778762817,0,0.25611692667007446,-0.9624220132827759,0.09026411175727844,0,-9.035642623901367,19.7058048248291,-0.11576300114393234,1,0.9005148410797119,0.42769643664360046,-0.07841278612613678,0,-0.20723222196102142,0.5806734561920166,0.7873203158378601,0,0.3822663426399231,-0.6927441358566284,0.6115376353263855,0,0,19.80775260925293,0,1,-0.6771154999732971,-0.7339224219322205,-0.05359598621726036,0,0.7339574098587036,-0.6788125038146973,0.022800013422966003,0,-0.053114984184503555,-0.023899013176560402,0.9983019828796387,0,0,40.20464324951172,0,1,0.4796539545059204,-0.16417407989501953,0.8619624972343445,0,0.5087577104568481,0.8523992300033569,-0.12075410783290863,0,-0.7149117588996887,0.4964495301246643,0.49238118529319763,0,0,49.27713394165039,0,1,0.8540751338005066,-0.4920088052749634,0.1687660813331604,0,0.45430976152420044,0.863611102104187,0.2185850590467453,0,-0.25329405069351196,-0.11001607775688171,0.9611129760742188,0,5.415946006774902,6.281674861907959,0,1,0.9307552576065063,0.3656304180622101,0.002993950853124261,0,-0.36557039618492126,0.9303762316703796,0.027522897347807884,0,0.007277998607605696,-0.02671189233660698,0.9996169805526733,0,-0.16221599280834198,6.633286952972412,0,1,0.9966109991073608,0.047762591391801834,0.06697096675634384,0,-0.033039599657058716,0.9780290126800537,-0.20583505928516388,0,-0.07533089071512222,0.20292508602142334,0.9762920141220093,0,1.8871899843215942,8.678451538085938,0,1,0.9937490224838257,-0.07199899852275848,-0.08531398326158524,0,0.10388599336147308,0.31667813658714294,0.9428269267082214,0,-0.040864985436201096,-0.9457959532737732,0.3221791386604309,0,0,9.64711856842041,0,1,0.9995620250701904,-0.027045993134379387,-0.011977994814515114,0,0.026958992704749107,0.6662920713424683,0.7452039122581482,0,-0.012173994444310665,-0.7451999187469482,0.6667300462722778,0,-0.2138179987668991,12.176512718200684,0,1,0.9967650175094604,-0.07633199542760849,-0.025176992639899254,0,0.06570599973201752,0.5934151411056519,0.8022099137306213,0,-0.046293992549180984,-0.8012689352035522,0.596510112285614,0,0.17326200008392334,9.65501594543457,0,1,-0.9967280030250549,0.0002190146187786013,-0.08082602918148041,0,-0.05994705110788345,-0.6727547645568848,0.7374331951141357,0,-0.05421499162912369,0.7398651838302612,0.670566737651825,0,15.452430725097656,-8.73577880859375,0.11138299852609634,1,0.983238935470581,-0.030032122507691383,-0.17983034253120422,0,-0.13776715099811554,0.5236664414405823,-0.8407096862792969,0,0.11941936612129211,0.8513936996459961,0.5107523798942566,0,0,68.6116943359375,0,1,0.9619360566139221,0.09151338040828705,0.2574976980686188,0,-0.2605058252811432,0.0223880372941494,0.9652129411697388,0,0.08256513625383377,-0.9955518841743469,0.04537608101963997,0,0,67.81954193115234,0,1,0.992027997970581,-0.0059081013314425945,0.12587712705135345,0,-0.07151208072900772,0.7960805892944336,0.6009505391120911,0,-0.10375811904668808,-0.6051625609397888,0.7893115282058716,0,0,33.82291030883789,0,1,-0.9606260061264038,0.2778439521789551,-0.000060536927776411176,0,-0.1404714584350586,-0.4854820668697357,0.8628878593444824,0,0.23971866071224213,0.8289210200309753,0.5053961873054504,0,-15.452430725097656,-8.73577880859375,-0.15540599822998047,1,0.9878399968147278,-0.15330912172794342,0.025854567065835,0,0.07642169296741486,0.33398038148880005,-0.9394769072532654,0,0.13539524376392365,0.9300287961959839,0.3416353464126587,0,0,68.59613800048828,0,1,0.9739649891853333,0.04503006860613823,-0.2221829742193222,0,0.209278866648674,0.19817088544368744,0.9575648307800293,0,0.0871492475271225,-0.9791327714920044,0.18358784914016724,0,0,67.8037109375,0,1,0.9893609285354614,0.022022154182195663,-0.14380516111850739,0,0.08318813145160675,0.7252923250198364,0.6833966374397278,0,0.1193501427769661,-0.6880886554718018,0.7157433032989502,0,0,33.953025817871094,0,1
K0.067,0.9862089157104492,0.16419897973537445,-0.020736917853355408,0,-0.14134842157363892,0.9008150696754456,0.41055169701576233,0,0.08609296381473541,-0.4019588828086853,0.9116010665893555,0,-2.4628093242645264,149.9730224609375,2.3322103023529053,1,0.9964630007743835,-0.08402807265520096,0.00112795305904001,0,0.0830540657043457,0.9826859831809998,-0.1656189262866974,0,0.012808050960302353,0.16512592136859894,0.9861890077590942,0,0,15.77532958984375,-0.517041027545929,1,0.9900310039520264,-0.14082714915275574,-0.002394088078290224,0,0.13688912987709045,0.9660699963569641,-0.21901987493038177,0,0.033157095313072205,0.21650885045528412,0.9757170081138611,0,0,18.4144229888916,0,1,0.9901270270347595,-0.14002014696598053,-0.006572089623659849,0,0.13519112765789032,0.9662650227546692,-0.21921688318252563,0,0.03704509884119034,0.21616384387016296,0.9756540060043335,0,0,21.045076370239258,0,1,0.9983760118484497,-0.038886986672878265,-0.04163771867752075,0,0.04456394165754318,0.9883589744567871,0.14546792209148407,0,0.03549572452902794,-0.14708690345287323,0.9884859919548035,0,0,23.675701141357422,0,1,0.9913539290428162,0.036050137132406235,-0.12616433203220367,0,-0.03780506178736687,0.9992178082466125,-0.01154605858027935,0,0.12564916908740997,0.01621493697166443,0.9919419884681702,0,0,18.886199951171875,2.2194950580596924,1,-0.4331210255622864,0.04303799942135811,-0.9003080129623413,0,0.8054350018501282,-0.4298679828643799,-0.4080290198326111,0,-0.4045739769935608,-0.9018650054931641,0.1515210121870041,0,9.035642623901367,19.706745147705078,-0.14443500339984894,1,0.8431782126426697,-0.3116908073425293,0.43806275725364685,0,0.006849207915365696,0.8209589123725891,0.5709471106529236,0,-0.5375900864601135,-0.4784094989299774,0.6943493485450745,0,0,19.80775260925293,0,1,-0.607759952545166,0.7924930453300476,0.050822995603084564,0,-0.7925320863723755,-0.6093469262123108,0.024265002459287643,0,0.050198994576931,-0.02553200162947178,0.9984130263328552,0,0,40.20950698852539,0,1,0.8610916137695312,0.06134197115898132,-0.5047358870506287,0,-0.43991217017173767,0.5876427292823792,-0.6790826916694641,0,0.2549481987953186,0.8067922592163086,0.5329989790916443,0,0,49.287017822265625,0,1,0.8589671850204468,0.4913736879825592,-0.1439710408449173,0,-0.4501767158508301,0.8587031960487366,0.24488700926303864,0,0.2439589947462082,-0.1455380767583847,0.9588029980659485,0,-5.663900852203369,6.149862766265869,0,1,0.9213700890541077,-0.3884838819503784,-0.01253498625010252,0,0.3886098861694336,0.9200730323791504,0.049476973712444305,0,-0.0076879956759512424,-0.050457969307899475,0.9986969828605652,0,0.07427600026130676,6.688110828399658,0,1,0.9538159966468811,0.2913830280303955,-0.07301100343465805,0,-0.3003780245780945,0.9229230284690857,-0.24080301821231842,0,-0.0027820123359560966,0.25161200761795044,0.9678239822387695,0,-1.9064329862594604,8.77306079864502,0,1,0.9990379810333252,0.0367589108645916,-0.023924173787236214,0,0.01976616308093071,0.10958053171634674,0.9937809109687805,0,0.03915195167064667,-0.9932979345321655,0.10874852538108826,0,0,9.39650821685791,0,1,0.9975119829177856,0.06010398641228676,0.03684298321604729,0,-0.05725898593664169,0.38585424423217773,0.9207808971405029,0,0.041126981377601624,-0.9205998778343201,0.3883352279663086,0,0.17730900645256042,11.760971069335938,0,1,0.9927679896354675,0.10619699209928513,0.05598897859454155,0,-0.09473299235105515,0.40650826692581177,0.9087228775024414,0,0.07374397665262222,-0.9074549078941345,0.4136282801628113,0,-0.2071390002965927,9.901514053344727,0,1,-0.29607364535331726,0.023171981796622276,0.9548841118812561,0,-0.9215561151504517,-0.26978799700737,-0.2791936695575714,0,0.2511460483074188,-0.9626410007476807,0.10123088955879211,0,-9.035642623901367,19.7058048248291,-0.11576300114393234,1,0.879902184009552,0.47173255681991577,-0.05693121254444122,0,-0.2302497774362564,0.5281175374984741,0.8173596858978271,0,0.4156416654586792,-0.7060878872871399,0.5733073353767395,0,0,19.80775260925293,0,1,-0.6301144957542419,-0.7747495770454407,-0.05213601514697075,0,0.7747865915298462,-0.6317644715309143,0.024067986756563187,0,-0.051585014909505844,-0.025228986516594887,0.9983500242233276,0,0,40.20464324951172,0,1,0.374394029378891,-0.17232093214988708,0.9111174941062927,0,0.4793643057346344,0.8770647644996643,-0.03109889104962349,0,-0.7937502264976501,0.44840046763420105,0.41097280383110046,0,0,49.27713394165039,0,1,0.8641709089279175,-0.4715072214603424,0.17575392127037048,0,0.4312882423400879,0.8739598989486694,0.22401894629001617,0,-0.2592279314994812,-0.11778992414474487,0.9586060047149658,0,5.415946006774902,6.281674861907959,0,1,0.9519347548484802,0.30629459023475647,-0.0019269511103630066,0,-0.30621761083602905,0.9518037438392639,0.01732810027897358,0,0.007142001297324896,-0.01590510830283165,0.9998480081558228,0,-0.16221599280834198,6.633286952972412,0,1,0.9979150295257568,0.0068274070508778095,0.0641770288348198,0,0.006976602133363485,0.9771509766578674,-0.21243393421173096,0,-0.06416111439466476,0.21243791282176971,0.9750660061836243,0,1.8871899843215942,8.678451538085938,0,1,0.9939020276069641,-0.07172899693250656,-0.08375101536512375,0,0.10295500606298447,0.3316188454627991,0.9377790689468384,0,-0.03949301317334175,-0.9406830668449402,0.336981862783432,0,0,9.64711856842041,0,1,0.9995890259742737,-0.026279008015990257,-0.011450005695223808,0,0.02619500830769539,0.6751679182052612,0.737199068069458,0,-0.011642005294561386,-0.7371960878372192,0.6755789518356323,0,-0.2138179987668991,12.176512718200684,0,1,0.996828019618988,-0.07572300732135773,-0.024480007588863373,0,0.06533399969339371,0.6030398607254028,0.7950310707092285,0,-0.04543900862336159,-0.794109046459198,0.606074869632721,0,0.17326200008392334,9.65501594543457,0,1,-0.9964569807052612,0.0016799854347482324,-0.08409097045660019,0,-0.06502794474363327,-0.6494842171669006,0.757588803768158,0,-0.05334300920367241,0.7603728175163269,0.6472922563552856,0,15.452430725097656,-8.73577880859375,0.11138299852609634,1,0.9759780764579773,-0.04227687790989876,-0.21372966468334198,0,-0.1524728536605835,0.5681926012039185,-0.8086463212966919,0,0.15562663972377777,0.8218092918395996,0.5480966567993164,0,0,68.6116943359375,0,1,0.9651439189910889,0.12984061241149902,0.22724129259586334,0,-0.24338316917419434,0.12599396705627441,0.9617120623588562,0,0.09623786807060242,-0.983497142791748,0.15320393443107605,0,0,67.81954193115234,0,1,0.9900919795036316,-0.016053900122642517,0.13949686288833618,0,-0.07995491474866867,0.7522064447402954,0.6540584564208984,0,-0.11543088406324387,-0.6587314605712891,0.7434704899787903,0,0,33.82291030883789,0,1,-0.9606930017471313,0.2723660469055176,-0.053720466792583466,0,-0.18699254095554352,-0.49183693528175354,0.8503701090812683,0,0.20519034564495087,0.826990008354187,0.5234348177909851,0,-15.452430725097656,-8.73577880859375,-0.15540599822998047,1,0.98614901304245,-0.16495287418365479,-0.01734757050871849,0,0.04620630294084549,0.3736675977706909,-0.9264110922813416,0,0.15929676592350006,0.9127771854400635,0.3761136829853058,0,0,68.59613800048828,0,1,0.9741560220718384,0.051691934466362,-0.2198830246925354,0,0.19650612771511078,0.2860751450061798,0.9378411769866943,0,0.11138176172971725,-0.9568122625350952,0.268524169921875,0,0,67.8037109375,0,1,0.9863629937171936,0.03745884820818901,-0.1602628380060196,0,0.09638186544179916,0.6578486561775208,0.746958315372467,0,0.13340885937213898,-0.7522183656692505,0.6452667117118835,0,0,33.953025817871094,0,1
K0.100,0.9811800122261047,0.1540289968252182,-0.11644899100065231,0,-0.09249000251293182,0.9042779803276062,0.4168049991130829,0,0.16950200498104095,-0.3981899917125702,0.9015060067176819,0,-3.0586230754852295,153.23170471191406,1.8505569696426392,1,0.9977880120277405,-0.06635499745607376,0.003967000171542168,0,0.06617499887943268,0.9858750104904175,-0.15385299921035767,0,0.006298000458627939,0.15377500653266907,0.9880859851837158,0,0,15.77532958984375,-0.517041027545929,1,0.9934530258178711,-0.11423200368881226,0.001454999903216958,0,0.11189000308513641,0.9703540205955505,-0.21422800421714783,0,0.023058999329805374,0.2129880040884018,0.9767829775810242,0,0,18.4144229888916,0,1,0.9935770034790039,-0.11310700327157974,-0.0032430002465844154,0,0.10977999866008759,0.9705049991607666,-0.2146340012550354,0,0.027424000203609467,0.21289999783039093,0.9766889810562134,0,0,21.045076370239258,0,1,0.9972310066223145,-0.035764001309871674,-0.06520500034093857,0,0.044415999203920364,0.9896460175514221,0.13648100197315216,0,0.05964900180697441,-0.13899900019168854,0.9884939789772034,0,0,23.675701141357422,0,1,0.9578199982643127,-0.05856899544596672,-0.2813360095024109,0,0.08326198905706406,0.9935770034790039,0.0766259953379631,0,0.27504101395606995,-0.09681899100542068,0.9565449953079224,0,0,18.886199951171875,2.2194950580596924,1,-0.4098460078239441,0.036166999489068985,-0.91143798828125,0,0.821815013885498,-0.41891899704933167,-0.3861689865589142,0,-0.39578500390052795,-0.907302975654602,0.1419689953327179,0,9.035642623901367,19.706745147705078,-0.14443500339984894,1,0.9173660278320312,-0.2090969979763031,0.33869999647140503,0,-0.014648999087512493,0.8325979709625244,0.5536839962005615,0,-0.39777401089668274,-0.51289302110672,0.7607340216636658,0,0,19.80775260925293,0,1,-0.5397250056266785,0.8404290080070496,0.048739999532699585,0,-0.8404719829559326,-0.5412439703941345,0.02573299966752529,0,0.04800700023770332,-0.027076000347733498,0.9984800219535828,0,0,40.20950698852539,0,1,0.7566980123519897,0.08063100278377533,-0.6487730145454407,0,-0.5390989780426025,0.6383439898490906,-0.5494440197944641,0,0.36983799934387207,0.7655159831047058,0.5265020132064819,0,0,49.287017822265625,0,1,0.8482720255851746,0.5105310082435608,-0.14068299531936646,0,-0.4708299934864044,0.8486930131912231,0.24091200530529022,0,0.2423900067806244,-0.13812200725078583,0.9602969884872437,0,-5.663900852203369,6.149862766265869,0,1,0.921887993812561,-0.3872680068016052,-0.01207599975168705,0,0.38737401366233826,0.9206010103225708,0.04934899881482124,0,-0.007993999868631363,-0.050172001123428345,0.9987090229988098,0,0.07427600026130676,6.688110828399658,0,1,0.9517269730567932,0.298209011554718,-0.07271599769592285,0,-0.30690300464630127,0.920520007610321,-0.24176999926567078,0,-0.005160999950021505,0.2524150013923645,0.9676049947738647,0,-1.9064329862594604,8.77306079864502,0,1,0.9991179704666138,0.041905999183654785,-0.0025670009199529886,0,-0.0008209990919567645,0.08062399923801422,0.9967439770698547,0,0.04197699949145317,-0.9958630204200745,0.0805869996547699,0,0,9.39650821685791,0,1,0.9974589943885803,0.06057000160217285,0.037494998425245285,0,-0.057679999619722366,0.37783199548721313,0.9240760207176208,0,0.0418040007352829,-0.923891007900238,0.3803659975528717,0,0.17730900645256042,11.760971069335938,0,1,0.9926599860191345,0.10661900043487549,0.05707800015807152,0,-0.09495200216770172,0.3948169946670532,0.9138399958610535,0,0.07489799708127975,-0.9125530123710632,0.40204301476478577,0,-0.2071390002965927,9.901514053344727,0,1,-0.27625399827957153,0.020116999745368958,0.9608740210533142,0,-0.9269329905509949,-0.2697269916534424,-0.2608489990234375,0,0.25392600893974304,-0.9627270102500916,0.09316100180149078,0,-9.035642623901367,19.7058048248291,-0.11576300114393234,1,0.8616009950637817,0.500249981880188,-0.08598600327968597,0,-0.2399909943342209,0.5507550239562988,0.7994199991226196,0,0.44726699590682983,-0.668146014213562,0.5945870280265808,0,0,19.80775260925293,0,1,-0.6020910143852234,-0.796779990196228,-0.05126500129699707,0,0.7968180179595947,-0.6037129759788513,0.02475300058722496,0,-0.05067199841141701,-0.02594600059092045,0.9983779788017273,0,0,40.20464324951172,0,1,0.35387301445007324,-0.19701099395751953,0.914309024810791,0,0.4346199929714203,0.9002450108528137,0.025765998288989067,0,-0.8281779885292053,0.38825899362564087,0.4041979908943176,0,0,49.27713394165039,0,1,0.8739749789237976,-0.4504539966583252,0.18237100541591644,0,0.406453013420105,0.8832560181617737,0.2337840050458908,0,-0.26638999581336975,-0.1301960051059723,0.9550319910049438,0,5.415946006774902,6.281674861907959,0,1,0.9709100127220154,0.2393770068883896,-0.005708000157028437,0,-0.2393459975719452,0.9709179997444153,0.005646000616252422,0,0.006893999874591827,-0.004116000607609749,0.9999679923057556,0,-0.16221599280834198,6.633286952972412,0,1,0.9972760081291199,-0.040498998016119,0.06165099889039993,0,0.05315999686717987,0.9740300178527832,-0.22008900344371796,0,-0.05113700032234192,0.22276699542999268,0.9735299944877625,0,1.8871899843215942,8.678451538085938,0,1,0.9940239787101746,-0.07244399935007095,-0.0816589966416359,0,0.10217399895191193,0.35409900546073914,0.929610013961792,0,-0.03842899948358536,-0.9323980212211609,0.35938501358032227,0,0,9.64711856842041,0,1,0.9996280074119568,-0.02508999966084957,-0.010657000355422497,0,0.02501000091433525,0.6886029839515686,0.7247070074081421,0,-0.010843999683856964,-0.7247040271759033,0.6889749765396118,0,-0.2138179987668991,12.176512718200684,0,1,0.9969260096549988,-0.07476799935102463,-0.023421000689268112,0,0.06474000215530396,0.6177060008049011,0.7837399840354919,0,-0.044130999594926834,-0.782846987247467,0.6206480264663696,0,0.17326200008392334,9.65501594543457,0,1,-0.998458981513977,-0.002206999808549881,-0.055456001311540604,0,-0.04226600006222725,-0.6173549890518188,0.785548985004425,0,-0.03596999868750572,0.7866820096969604,0.6163100004196167,0,15.452430725097656,-8.73577880859375,0.11138299852609634,1,0.9895150065422058,-0.00639500143006444,-0.14428800344467163,0,-0.11338300257921219,0.5844449996948242,-0.8034719824790955,0,0.08946699649095535,0.8114079833030701,0.5775920152664185,0,0,68.6116943359375,0,1,0.9614279866218567,0.15385699272155762,0.2280000001192093,0,-0.26471298933029175,0.29239699244499207,0.9189289808273315,0,0.07471700012683868,-0.9438390135765076,0.32184699177742004,0,0,67.81954193115234,0,1,0.9865589737892151,-0.03430299833416939,0.1597670018672943,0,-0.09517399966716766,0.674144983291626,0.7324410080909729,0,-0.13283100724220276,-0.7378020286560059,0.6618189811706543,0,0,33.82291030883789,0,1,-0.9607399702072144,0.2660439908504486,-0.07873299717903137,0,-0.21201199293136597,-0.5209199786186218,0.8268569707870483,0,0.17896699905395508,0.8110880255699158,0.5568730235099792,0,-15.452430725097656,-8.73577880859375,-0.15540599822998047,1,0.9833769798278809,-0.173226997256279,-0.05442500114440918,0,0.02582699991762638,0.4301309883594513,-0.9023969769477844,0,0.17972899973392487,0.8859909772872925,0.42745500802993774,0,0,68.59613800048828,0,1,0.973334014415741,0.08791399747133255,-0.2118760049343109,0,0.16045500338077545,0.399152010679245,0.9027360081672668,0,0.16393400728702545,-0.9126600027084351,0.3744019865989685,0,0,67.8037109375,0,1,0.9824720025062561,0.0572579987347126,-0.1773959994316101,0,0.1132889986038208,0.5723289847373962,0.8121610283851624,0,0.14803199470043182,-0.8180230259895325,0.5558109879493713,0,0,33.953025817871094,0,1
