9.933,30,298,41
B0,mixamorig_Hips,-1,0.9994105696678162,-0.03422575443983078,-0.0027401461265981197,0,0.03410696983337402,0.9987921714782715,-0.035370759665966034,0,0.003946937620639801,0.03525697812438011,0.9993705749511719,0,2.4046483039855957,161.28245544433594,1.1105378866195679,1
B1,mixamorig_Spine,0,0.9999964833259583,-0.002338428283110261,-0.0012373971985653043,0,0.002323872409760952,0.9999330043792725,-0.011318166740238667,0,0.0012637331383302808,0.01131461001932621,0.9999350905418396,0,0,15.77532958984375,-0.517041027545929,1
B2,mixamorig_Spine1,1,0.9992913603782654,-0.006247424520552158,0.037118099629879,0,0.005247308872640133,0.9996218085289001,0.026980256661772728,0,-0.03727233409881592,-0.026766691356897354,0.9989465475082397,0,0,18.4144229888916,0,1
B3,mixamorig_Spine2,2,0.9992967844009399,-0.005221085157245398,0.03712877258658409,0,0.004214856773614883,0.9996227622032166,0.027129601687192917,0,-0.037256449460983276,-0.02695414610207081,0.9989420175552368,0,0,21.045076370239258,0,1
B4,mixamorig_Neck,3,0.9998701214790344,-0.01189120952039957,-0.010853514075279236,0,0.012071114033460617,0.9997869729995728,0.01665114052593708,0,0.010654282756149769,-0.016780134290456772,0.9998002648353577,0,0,23.675701141357422,0,1
B5,mixamorig_Head,4,0.9972173571586609,0.06528221815824509,0.036003582179546356,0,-0.06870812922716141,0.9922015070915222,0.10399297624826431,0,-0.028934327885508537,-0.10617708414793015,0.9939256310462952,0,0,18.886199951171875,2.2194950580596924,1
B6,mixamorig_HeadTop_End,5,1,0,0,0,0,1,0,0,0,0,1,0,0,46.124481201171875,5.420522212982178,1
B7,mixamorig_LeftShoulder,3,-0.09847837686538696,-0.004605166148394346,-0.9951254725456238,0,0.9282585978507996,-0.36082708835601807,-0.09019071608781815,0,-0.3586518466472626,-0.9326211810112,0.03980967774987221,0,9.035642623901367,19.706745147705078,-0.14443500339984894,1
B8,mixamorig_LeftArm,7,0.9269910454750061,0.3190494775772095,-0.1972135305404663,0,-0.048104677349328995,0.6225710511207581,0.7810805439949036,0,0.3719814419746399,-0.7145686745643616,0.5924679636955261,0,0,19.80775260925293,0,1
B9,mixamorig_LeftForeArm,8,0.8771834969520569,0.48012498021125793,0.005357996094971895,0,-0.4801490008831024,0.8770634531974792,0.014701548032462597,0,0.002359440317377448,-0.01546854805201292,0.9998775124549866,0,0,40.20950698852539,0,1
B10,mixamorig_LeftHand,9,0.9100863337516785,-0.19354034960269928,-0.36644789576530457,0,0.2711792290210724,0.9467732310295105,0.17344321310520172,0,0.31337490677833557,-0.2572214603424072,0.9141296744346619,0,0,49.287017822265625,0,1
B11,mixamorig_LeftHandThumb1,10,0.9188855290412903,0.3697887659072876,0.13749843835830688,0,-0.39186087250709534,0.8958883285522461,0.20935213565826416,0,-0.04576709493994713,-0.24625064432621002,0.9681249856948853,0,-5.663900852203369,6.149862766265869,0,1
B12,mixamorig_LeftHandThumb2,11,0.8765497803688049,-0.4762376546859741,-0.06968370079994202,0,0.48046842217445374,0.8743523359298706,0.06823467463254929,0,0.028431128710508347,-0.09329314529895782,0.9952319264411926,0,0.07427600026130676,6.688110828399658,0,1
B13,mixamorig_LeftHandThumb3,12,0.924206554889679,0.3818747401237488,-0.0036948188208043575,0,-0.38179531693458557,0.9237090349197388,-0.031516432762145996,0,-0.008622733876109123,0.03053843043744564,0.9994960427284241,0,-1.9064329862594604,8.77306079864502,0,1
B14,mixamorig_LeftHandThumb4,13,1,0,0,0,0,1,0,0,0,0,1,0,1.832157015800476,7.4646477699279785,0,1
B15,mixamorig_LeftHandIndex1,10,0.9970302581787109,0.07146325707435608,0.028701666742563248,0,-0.07699216157197952,0.933344841003418,0.3506244122982025,0,-0.001731737283989787,-0.3517928719520569,0.9360746145248413,0,0,9.39650821685791,0,1
B16,mixamorig_LeftHandIndex2,15,0.999946117401123,0.010167934000492096,0.0021839768160134554,0,-0.009530269540846348,0.81183922290802,0.5838020443916321,0,0.004162861034274101,-0.5837914943695068,0.8118926286697388,0,0.17730900645256042,11.760971069335938,0,1
B17,mixamorig_LeftHandIndex3,16,0.9988892078399658,0.0470307394862175,0.0029092084150761366,0,-0.04572874307632446,0.952621340751648,0.30070003867149353,0,0.0113706449046731,-0.3004986047744751,0.95371413230896,0,-0.2071390002965927,9.901514053344727,0,1
B18,mixamorig_LeftHandIndex4,17,1,0,0,0,0,1,0,0,0,0,1,0,0.029829999431967735,7.350320816040039,0,1
B19,mixamorig_RightShoulder,3,0.0810030922293663,-0.027264656499028206,0.9963332414627075,0,-0.9353134036064148,-0.34748345613479614,0.06652738898992538,0,0.34439101815223694,-0.9372848868370056,-0.05365713685750961,0,-9.035642623901367,19.7058048248291,-0.11576300114393234,1
B20,mixamorig_RightArm,19,0.912523090839386,-0.37897440791130066,0.1538688838481903,0,0.11310061067342758,0.5953128933906555,0.7954868674278259,0,-0.39307641983032227,-0.7084982395172119,0.586101770401001,0,0,19.80775260925293,0,1
B21,mixamorig_RightForeArm,20,0.8807748556137085,-0.4735031723976135,-0.00520179932937026,0,0.473525732755661,0.8806552886962891,0.014709706418216228,0,-0.0023839110508561134,-0.015418929979205132,0.999878466129303,0,0,40.20464324951172,0,1
B22,mixamorig_RightHand,21,0.9600576758384705,0.24231410026550293,0.1398988664150238,0,-0.2466314136981964,0.9690067768096924,0.014122669585049152,0,-0.13214099407196045,-0.0480613112449646,0.9900643229484558,0,0,49.27713394165039,0,1
B23,mixamorig_RightHandThumb1,22,0.9688447713851929,-0.20792274177074432,0.13456080853939056,0,0.14727061986923218,0.9204835295677185,0.3619675934314728,0,-0.19912189245224,-0.330874502658844,0.9224269986152649,0,5.415946006774902,6.281674861907959,0,1
B24,mixamorig_RightHandThumb2,23,0.9605457186698914,0.26133963465690613,0.09514301270246506,0,-0.2656692564487457,0.9633957147598267,0.035878416150808334,0,-0.08228354901075363,-0.05974024906754494,0.994816243648529,0,-0.16221599280834198,6.633286952972412,0,1
B25,mixamorig_RightHandThumb3,24,0.9079944491386414,-0.41870057582855225,0.015337149612605572,0,0.41882792115211487,0.9060649275779724,-0.060244280844926834,0,0.011328181251883507,0.061124712228775024,0.9980654120445251,0,1.8871899843215942,8.678451538085938,0,1
B26,mixamorig_RightHandThumb4,25,1,0,0,0,0,1,0,0,0,0,1,0,-1.7249749898910522,7.733068943023682,0,1
B27,mixamorig_RightHandIndex1,22,0.9991965889930725,0.0394522100687027,0.006993807386606932,0,-0.04006349667906761,0.9865232110023499,0.15851882100105286,0,-0.0006431931396946311,-0.15867170691490173,0.987311840057373,0,0,9.64711856842041,-9.999999974752427e-7,1
B28,mixamorig_RightHandIndex2,27,0.9999701976776123,0.0072042630054056644,0.002830173820257187,0,-0.007265374530106783,0.7474209070205688,0.6642888188362122,0,0.002669949783012271,-0.6642894148826599,0.7474506497383118,0,-0.2138179987668991,12.176512718200684,0,1
B29,mixamorig_RightHandIndex3,28,0.9998282194137573,-0.018453136086463928,0.0017377759795635939,0,0.017894115298986435,0.9854606986045837,0.16890676319599152,0,-0.004830085206776857,-0.16884708404541016,0.9856215119361877,0,0.17326200008392334,9.65501594543457,0,1
B30,mixamorig_RightHandIndex4,29,1,0,0,0,0,1,0,0,0,0,1,0,0.04055599868297577,6.9557600021362305,0,1
B31,mixamorig_LeftUpLeg,0,-0.9959805011749268,-0.07251811027526855,0.05256391689181328,0,0.08188895136117935,-0.9750224351882935,0.20645080506801605,0,0.036279305815696716,0.20992505550384521,0.9770419597625732,0,15.452430725097656,-8.73577880859375,0.11138299852609634,1
B32,mixamorig_LeftLeg,31,0.9853022694587708,0.033046092838048935,0.16758978366851807,0,0.06544198095798492,0.8332012295722961,-0.5490633845329285,0,-0.15778422355651855,0.5519611835479736,0.818792462348938,0,0,68.6116943359375,0,1
B33,mixamorig_LeftFoot,32,0.9725984334945679,0.009118452668190002,0.23231036961078644,0,-0.22396834194660187,0.304809033870697,0.9257017970085144,0,-0.062369395047426224,-0.9523661136627197,0.29849883913993835,0,0,67.81954193115234,0,1
B34,mixamorig_LeftToeBase,33,0.9929561018943787,-0.0009949961677193642,0.11848021298646927,0,-0.06743110716342926,0.8174867033958435,0.5719859600067139,0,-0.09742532670497894,-0.5759464502334595,0.8116618394851685,0,0,33.82291030883789,0,1
B35,mixamorig_LeftToe_End,34,1,0,0,0,0,1,0,0,0,0,1,0,0,12.724933624267578,0,1
B36,mixamorig_RightUpLeg,0,-0.9623381495475769,0.0968492403626442,-0.2540190517902374,0,-0.1455126255750656,-0.9727715849876404,0.1803821474313736,0,-0.22963310778141022,0.21055150032043457,0.9502275586128235,0,-15.452430725097656,-8.73577880859375,-0.15540599822998047,1
B37,mixamorig_RightLeg,36,0.9972086548805237,-0.016663409769535065,-0.07277802377939224,0,-0.01934088207781315,0.8838534355163574,-0.4673367440700531,0,0.0721156969666481,0.4674395024776459,0.8810638189315796,0,0,68.59613800048828,0,1
B38,mixamorig_RightFoot,37,0.9717804789543152,0.055004674941301346,-0.22938001155853271,0,0.18477924168109894,0.42693930864334106,0.8851965069770813,0,0.1466236412525177,-0.9026020765304565,0.40472832322120667,0,0,67.8037109375,0,1
B39,mixamorig_RightToeBase,38,0.9935569763183594,0,-0.1133359968662262,0,0.06433899700641632,0.8232475519180298,0.5640244483947754,0,0.09330400079488754,-0.5676824450492859,0.8179429769515991,0,0,33.953025817871094,0,1
B40,mixamorig_RightToe_End,39,1,0,0,0,0,1,0,0,0,0,1,0,0,12.887110710144043,0,1
@34,0,1,2,3,4,5,7,8,9,10,11,12,13,15,16,17,19,20,21,22,23,24,25,27,28,29,31,32,33,34,36,37,38,39
K0.000,0.9997940063476562,-0.020183999091386795,0.002300000051036477,0,0.0202380008995533,0.9994440078735352,-0.026494000107049942,0,-0.0017640000442042947,0.026535000652074814,0.999646008014679,0,0.20346499979496002,162.54867553710938,0.5032770037651062,1,0.9999960064888,0.00184299994725734,0.0023529999889433384,0,-0.0018060000147670507,0.9998720288276672,-0.015879999846220016,0,-0.0023819999769330025,0.015876000747084618,0.999871015548706,0,0,15.77532958984375,-0.517041027545929,1,0.9990609884262085,0.00036199999158270657,0.043313998728990555,0,-0.0011309999972581863,0.9998419880867004,0.01773799955844879,0,-0.04330100119113922,-0.01776999980211258,0.9989039897918701,0,0,18.4144229888916,0,1,0.9990620017051697,0.0011220000451430678,0.04328899830579758,0,-0.0018860000418499112,0.9998430013656616,0.017616000026464462,0,-0.04326200112700462,-0.017681000754237175,0.9989070296287537,0,0,21.045076370239258,0,1,0.9995719790458679,-0.02514299936592579,-0.014977999962866306,0,0.02490900084376335,0.999567985534668,-0.01561299990862608,0,0.015363999642431736,0.015232999809086323,0.9997659921646118,0,0,23.675701141357422,0,1,0.9975690245628357,0.06154999881982803,0.032680999487638474,0,-0.06441199779510498,0.9933639764785767,0.09528599679470062,0,-0.026599999517202377,-0.09715999662876129,0.9949129819869995,0,0,18.886199951171875,2.2194950580596924,1,-0.14353999495506287,-0.006823000032454729,-0.9896209836006165,0,0.9159240126609802,-0.3796350061893463,-0.1302330046892166,0,-0.3748059868812561,-0.9251109957695007,0.060743000358343124,0,9.035642623901367,19.706745147705078,-0.14443500339984894,1,0.9133689999580383,0.3507780134677887,-0.20666900277137756,0,-0.07083699852228165,0.6367980241775513,0.767769992351532,0,0.4009230136871338,-0.6866170167922974,0.6064789891242981,0,0,19.80775260925293,0,1,0.8722360134124756,0.48905399441719055,0.005510000046342611,0,-0.48907798528671265,0.8721110224723816,0.01497500017285347,0,0.002518000081181526,-0.015755999833345413,0.9998729825019836,0,0,40.20950698852539,0,1,0.9131839871406555,-0.18830199539661407,-0.36143800616264343,0,0.26878800988197327,0.9449080228805542,0.18682199716567993,0,0.3063470125198364,-0.267753005027771,0.91348797082901,0,0,49.287017822265625,0,1,0.920166015625,0.3667829930782318,0.1369830071926117,0,-0.38885200023651123,0.8969569802284241,0.21038700640201569,0,-0.04570100083947182,-0.24685700237751007,0.9679740071296692,0,-5.663900852203369,6.149862766265869,0,1,0.8788930177688599,-0.4726490080356598,-0.06442099809646606,0,0.4763740003108978,0.8766859769821167,0.06700199842453003,0,0.02480899915099144,-0.08957599848508835,0.9956709742546082,0,0.07427600026130676,6.688110828399658,0,1,0.9220060110092163,0.38714900612831116,-0.004480999894440174,0,-0.3870700001716614,0.9214270114898682,-0.03390499949455261,0,-0.008996999822556973,0.03299500048160553,0.9994149804115295,0,-1.9064329862594604,8.77306079864502,0,1,0.9976249933242798,0.06375899910926819,0.026045000180602074,0,-0.06885600090026855,0.9317950010299683,0.35639500617980957,0,-0.0015450000064447522,-0.357342004776001,0.9339720010757446,0,0,9.39650821685791,0,1,0.9999480247497559,0.009992999956011772,0.002122000092640519,0,-0.009362000040709972,0.8132809996604919,0.5817949771881104,0,0.004087999928742647,-0.5817850232124329,0.8133320212364197,0,0.17730900645256042,11.760971069335938,0,1,0.998894989490509,0.046914998441934586,0.002865999937057495,0,-0.04562399908900261,0.9531300067901611,0.29910099506378174,0,0.01130099967122078,-0.2989009916782379,0.9542170166969299,0,-0.2071390002965927,9.901514053344727,0,1,0.03248399868607521,-0.016262000426650047,0.9993399977684021,0,-0.9482740163803101,-0.3164139986038208,0.025675000622868538,0,0.3157869875431061,-0.9484819769859314,-0.02569900080561638,0,-9.035642623901367,19.7058048248291,-0.11576300114393234,1,0.910040020942688,-0.3916189968585968,0.13587500154972076,0,0.1285019963979721,0.5781679749488831,0.8057349920272827,0,-0.39410001039505005,-0.7157909870147705,0.5764790177345276,0,0,19.80775260925293,0,1,0.8903549909591675,-0.45524099469184875,-0.004904000088572502,0,0.4552629888057709,0.8902450203895569,0.014142000116407871,0,-0.0020719999447464943,-0.01482400018721819,0.999888002872467,0,0,40.20464324951172,0,1,0.9559829831123352,0.2500019967556,0.15360699594020844,0,-0.25524500012397766,0.9667590260505676,0.015091000124812126,0,-0.14472800493240356,-0.053633999079465866,0.9880170226097107,0,0,49.27713394165039,0,1,0.9687250256538391,-0.19780400395393372,0.14981800317764282,0,0.13279999792575836,0.9233120083808899,0.3603590130805969,0,-0.2096090018749237,-0.32919299602508545,0.9207040071487427,0,5.415946006774902,6.281674861907959,0,1,0.96601802110672,0.2456119954586029,0.08052399754524231,0,-0.24883699417114258,0.9679949879646301,0.03265399858355522,0,-0.06992600113153458,-0.05158200114965439,0.9962180256843567,0,-0.16221599280834198,6.633286952972412,0,1,0.9039859771728516,-0.42724400758743286,0.016478000208735466,0,0.42739400267601013,0.901881992816925,-0.06280499696731567,0,0.011971999891102314,0.06381700187921524,0.9978899955749512,0,1.8871899843215942,8.678451538085938,0,1,0.9991379976272583,0.040442999452352524,0.009352999739348888,0,-0.04149999842047691,0.9782440066337585,0.2032659947872162,0,-0.0009289999725297093,-0.20347799360752106,0.979079008102417,0,0,9.64711856842041,0,1,0.9999529719352722,0.00915099959820509,0.0032999999821186066,0,-0.009201000444591045,0.7796919941902161,0.6260949969291687,0,0.0031560000497847795,-0.6260960102081299,0.7797399759292603,0,-0.2138179987668991,12.176512718200684,0,1,0.9998469948768616,-0.017378000542521477,0.0017369999550282955,0,0.016961000859737396,0.9899230003356934,0.1405850052833557,0,-0.004162999801337719,-0.14053399860858917,0.9900670051574707,0,0.17326200008392334,9.65501594543457,0,1,-0.9949340224266052,-0.0672840029001236,0.0746999979019165,0,0.07990100234746933,-0.9801679849624634,0.18134500086307526,0,0.0610169991850853,0.18639400601387024,0.9805780053138733,0,15.452430725097656,-8.73577880859375,0.11138299852609634,1,0.9868299961090088,0.02857699990272522,0.15921500325202942,0,0.05246400088071823,0.8745219707489014,-0.48214098811149597,0,-0.15301500260829926,0.484144002199173,0.8615049719810486,0,0,68.6116943359375,0,1,0.9745320081710815,0.010859999805688858,0.22398699820041656,0,-0.2134220004081726,0.3515450060367584,0.9115189909934998,0,-0.06884200125932693,-0.9361079931259155,0.34490901231765747,0,0,67.81954193115234,0,1,0.9929490089416504,-0.0010310000507161021,0.11853700131177902,0,-0.06746099889278412,0.817330002784729,0.572206974029541,0,-0.09747400134801865,-0.5761690139770508,0.8114969730377197,0,0,33.82291030883789,0,1,-0.9653189778327942,0.0966230034828186,-0.24253399670124054,0,-0.14020800590515137,-0.975521981716156,0.16940799355506897,0,-0.22022899985313416,0.19753800332546234,0.9552369713783264,0,-15.452430725097656,-8.73577880859375,-0.15540599822998047,1,0.9970690011978149,-0.0015239999629557133,-0.07649700343608856,0,-0.030804000794887543,0.9071999788284302,-0.41957101225852966,0,0.07003699988126755,0.42069798707962036,0.904492974281311,0,0,68.59613800048828,0,1,0.9703090190887451,0.02630000002682209,-0.24043400585651398,0,0.2039240002632141,0.44557899236679077,0.8717079758644104,0,0.13005800545215607,-0.8948559761047363,0.4269860088825226,0,0,67.8037109375,0,1,0.9935569763183594,0,-0.1133359968662262,0,0.06433899700641632,0.823248028755188,0.5640249848365784,0,0.09330400079488754,-0.5676820278167725,0.8179429769515991,0,0,33.953025817871094,0,1
K0.033,0.999754011631012,-0.02202501706779003,0.002619001083076,0,0.022087017074227333,0.9993950128555298,-0.026882003992795944,0,-0.002025000751018524,0.026933003216981888,0.9996349811553955,0,0.502147912979126,162.4779052734375,0.4429577887058258,1,0.9999960064888,0.0018129993695765734,0.002099997363984585,0,-0.001780999475158751,0.9998819828033447,-0.015226994641125202,0,-0.002126997336745262,0.015223994851112366,0.9998819828033447,0,0,15.77532958984375,-0.517041027545929,1,0.9990770220756531,0.00010799708979902789,0.042962994426488876,0,-0.0009229974821209908,0.9998199939727783,0.018966011703014374,0,-0.042952995747327805,-0.01898801140487194,0.9988970160484314,0,0,18.4144229888916,0,1,0.9990770220756531,0.0008919973042793572,0.04293999448418617,0,-0.0017029977170750499,0.9998210072517395,0.018854010850191116,0,-0.04291599616408348,-0.018909011036157608,0.9988999962806702,0,0,21.045076370239258,0,1,0.9995980262756348,-0.024268992245197296,-0.014626997523009777,0,0.02404899336397648,0.9995970129966736,-0.015058990567922592,0,0.01498599722981453,0.014700991101562977,0.999779999256134,0,0,23.675701141357422,0,1,0.9975100159645081,0.06233600899577141,0.03297100216150284,0,-0.0652020052075386,0.9933879971504211,0.09449400007724762,0,-0.026862001046538353,-0.09640900045633316,0.9949790239334106,0,0,18.886199951171875,2.2194950580596924,1,-0.14109298586845398,-0.006673999596387148,-0.9899740219116211,0,0.9166190028190613,-0.37868601083755493,-0.12808498740196228,0,-0.37403398752212524,-0.9255009889602661,0.05954799801111221,0,9.035642623901367,19.706745147705078,-0.14443500339984894,1,0.9125490188598633,0.3531549870967865,-0.20624199509620667,0,-0.07226300984621048,0.6356019973754883,0.7686269879341125,0,0.40253299474716187,-0.6865059733390808,0.605538010597229,0,0,19.80775260925293,0,1,0.872422993183136,0.48871999979019165,0.005504000000655651,0,-0.48874399065971375,0.8722990155220032,0.014964999631047249,0,0.0025130000431090593,-0.015745999291539192,0.9998729825019836,0,0,40.20950698852539,0,1,0.9128609895706177,-0.18790699541568756,-0.3624570071697235,0,0.26881301403045654,0.9448279738426208,0.18719099462032318,0,0.30728399753570557,-0.2683129906654358,0.913008987903595,0,0,49.287017822265625,0,1,0.9202200174331665,0.3666589856147766,0.13695399463176727,0,-0.38871800899505615,0.897042989730835,0.2102690041065216,0,-0.045756999403238297,-0.2467299997806549,0.96800297498703,0,-5.663900852203369,6.149862766265869,0,1,0.8789730072021484,-0.4725250005722046,-0.06424299627542496,0,0.47623199224472046,0.8767669796943665,0.06694699823856354,0,0.024691998958587646,-0.08943899720907211,0.9956859946250916,0,0.07427600026130676,6.688110828399658,0,1,0.921995997428894,0.38717401027679443,-0.004474999848753214,0,-0.38709500432014465,0.9214169979095459,-0.03388499841094017,0,-0.008995999582111835,0.0329740010201931,0.9994159936904907,0,-1.9064329862594604,8.77306079864502,0,1,0.9976239800453186,0.06374300271272659,0.026120999827980995,0,-0.06887099891901016,0.9311109781265259,0.35817503929138184,0,-0.001489999471232295,-0.35912302136421204,0.9332889914512634,0,0,9.39650821685791,0,1,0.9999499917030334,0.009754997678101063,0.0020379992201924324,0,-0.009132998064160347,0.8152260184288025,0.5790709853172302,0,0.003986998926848173,-0.579060971736908,0.8152750134468079,0,0.17730900645256042,11.760971069335938,0,1,0.9988999962806702,0.046799998730421066,0.00282299960963428,0,-0.04552000015974045,0.9536280035972595,0.2975269854068756,0,0.011231998912990093,-0.29732799530029297,0.954708993434906,0,-0.2071390002965927,9.901514053344727,0,1,0.036671027541160583,-0.017090005800127983,0.9991809725761414,0,-0.9472879767417908,-0.319038987159729,0.029310021549463272,0,0.3182770013809204,-0.9475870132446289,-0.027889013290405273,0,-9.035642623901367,19.7058048248291,-0.11576300114393234,1,0.9094650149345398,-0.3927850127220154,0.13635499775409698,0,0.12960399687290192,0.5794249773025513,0.8046550154685974,0,-0.39506399631500244,-0.7141339778900146,0.5778729915618896,0,0,19.80775260925293,0,1,0.88987797498703,-0.4561710059642792,-0.004918999969959259,0,0.4561930000782013,0.8897680044174194,0.014170999638736248,0,-0.002087000058963895,-0.014853999949991703,0.9998869895935059,0,0,40.20464324951172,0,1,0.9562150239944458,0.24945400655269623,0.15305396914482117,0,-0.2545030117034912,0.9669700264930725,0.01401599682867527,0,-0.1445019692182541,-0.05235498771071434,0.9881179928779602,0,0,49.27713394165039,0,1,0.9687849879264832,-0.19717100262641907,0.15026600658893585,0,0.1325010061264038,0.9241369962692261,0.35835000872612,0,-0.209523007273674,-0.3272530138492584,0.9214149713516235,0,5.415946006774902,6.281674861907959,0,1,0.9663310050964355,0.24464398622512817,0.079708993434906,0,-0.24782899022102356,0.9682509899139404,0.03273100033402443,0,-0.0691709890961647,-0.05138299986720085,0.9962810277938843,0,-0.16221599280834198,6.633286952972412,0,1,0.9039779901504517,-0.4272629916667938,0.016452999785542488,0,0.4274120032787323,0.9018779993057251,-0.06273400038480759,0,0.011966000311076641,0.06374199688434601,0.9978950023651123,0,1.8871899843215942,8.678451538085938,0,1,0.9991769790649414,0.03950899466872215,0.009198999963700771,0,-0.04055499657988548,0.9781230092048645,0.2040340155363083,0,-0.0009370000916533172,-0.20424000918865204,0.9789209961891174,0,0,9.64711856842041,0,1,0.9999529719352722,0.009162000380456448,0.0033019999973475933,0,-0.009212999604642391,0.7798849940299988,0.625855028629303,0,0.0031590000726282597,-0.6258559823036194,0.7799320220947266,0,-0.2138179987668991,12.176512718200684,0,1,0.9998480081558228,-0.017343999817967415,0.0017359999474138021,0,0.016930999234318733,0.9900509715080261,0.13968698680400848,0,-0.0041419994086027145,-0.13963697850704193,0.9901940226554871,0,0.17326200008392334,9.65501594543457,0,1,-0.9948499798774719,-0.0674080029129982,0.07569500803947449,0,0.08038900792598724,-0.9795979857444763,0.18418601155281067,0,0.061736006289720535,0.18932200968265533,0.9799720048904419,0,15.452430725097656,-8.73577880859375,0.11138299852609634,1,0.9870010018348694,0.028325991705060005,0.15819698572158813,0,0.053112007677555084,0.8715469837188721,-0.4874270260334015,0,-0.1516829878091812,0.4894930422306061,0.8587129712104797,0,0,68.6116943359375,0,1,0.9742910265922546,0.01217801496386528,0.22496400773525238,0,-0.21503400802612305,0.3481539785861969,0.9124410152435303,0,-0.06720998138189316,-0.937358021736145,0.34182196855545044,0,0,67.81954193115234,0,1,0.9929569959640503,-0.0009899998549371958,0.11847300082445145,0,-0.06742700189352036,0.8175100088119507,0.5719540119171143,0,-0.09741800278425217,-0.5759140253067017,0.8116850256919861,0,0,33.82291030883789,0,1,-0.9649040102958679,0.09643100202083588,-0.24425701797008514,0,-0.14051499962806702,-0.9753720164299011,0.17001600563526154,0,-0.22184701263904572,0.19837099313735962,0.9546899795532227,0,-15.452430725097656,-8.73577880859375,-0.15540599822998047,1,0.9970499873161316,-0.0026860120706260204,-0.07670200616121292,0,-0.02990999072790146,0.9067729711532593,-0.4205569922924042,0,0.07068100571632385,0.4216099977493286,0.904017984867096,0,0,68.59613800048828,0,1,0.9709020256996155,0.02798701636493206,-0.23783397674560547,0,0.2007269710302353,0.4465239942073822,0.8719660043716431,0,0.13060300052165985,-0.8943340182304382,0.42791399359703064,0,0,67.8037109375,0,1,0.9935569763183594,0,-0.1133359968662262,0,0.06433899700641632,0.823248028755188,0.5640249848365784,0,0.09330400079488754,-0.5676820278167725,0.8179429769515991,0,0,33.953025817871094,0,1
K0.067,0.9997149705886841,-0.02371998317539692,0.0027449987828731537,0,0.02378598414361477,0.9993429780006409,-0.027337996289134026,0,-0.002094999188557267,0.02739499695599079,0.9996219873428345,0,0.7911911606788635,162.4227294921875,0.42246919870376587,1,0.9999970197677612,0.0017550005577504635,0.0018420026171952486,0,-0.0017280005849897861,0.9998909831047058,-0.014666005969047546,0,-0.0018680025823414326,0.014663005247712135,0.9998909831047058,0,0,15.77532958984375,-0.517041027545929,1,0.9990950226783752,-0.00018299710063729435,0.042528003454208374,0,-0.0006700024823658168,0.9997990131378174,0.02004498802125454,0,-0.04252300411462784,-0.02005498856306076,0.9988939762115479,0,0,18.4144229888916,0,1,0.9990959763526917,0.00062400265596807,0.04250800237059593,0,-0.0014730023685842752,0.9998000264167786,0.01994398795068264,0,-0.0424870029091835,-0.01998898945748806,0.9988970160484314,0,0,21.045076370239258,0,1,0.9996209740638733,-0.023499008268117905,-0.014336002990603447,0,0.023297008126974106,0.999629020690918,-0.014105008915066719,0,0.014662003144621849,0.013766009360551834,0.9997979998588562,0,0,23.675701141357422,0,1,0.9974539875984192,0.06308399140834808,0.033267997205257416,0,-0.06597499549388885,0.9933369755744934,0.09449300169944763,0,-0.027084998786449432,-0.09644699841737747,0.9949700236320496,0,0,18.886199951171875,2.2194950580596924,1,-0.14000201225280762,-0.006614000536501408,-0.9901289939880371,0,0.9170070290565491,-0.3780669867992401,-0.12713702023029327,0,-0.3734939992427826,-0.9257550239562988,0.05899500474333763,0,9.035642623901367,19.706745147705078,-0.14443500339984894,1,0.9123070240020752,0.3540079891681671,-0.2058510035276413,0,-0.07299099117517471,0.6352009773254395,0.7688900232315063,0,0.4029499888420105,-0.6864389777183533,0.6053370237350464,0,0,19.80775260925293,0,1,0.8726739883422852,0.4882720112800598,0.005495999939739704,0,-0.4882960021495819,0.8725500106811523,0.014950999990105629,0,0.002503999974578619,-0.015730999410152435,0.9998729825019836,0,0,40.20950698852539,0,1,0.9123979806900024,-0.18767699599266052,-0.3637399971485138,0,0.2689509987831116,0.9447969794273376,0.18714800477027893,0,0.30853700637817383,-0.26858198642730713,0.9125069975852966,0,0,49.287017822265625,0,1,0.920278012752533,0.36652401089668274,0.13692300021648407,0,-0.3885740041732788,0.8971279859542847,0.21017099916934967,0,-0.04580499976873398,-0.2466209977865219,0.9680290222167969,0,-5.663900852203369,6.149862766265869,0,1,0.8790599703788757,-0.47238901257514954,-0.06404399871826172,0,0.47607699036598206,0.8768569827079773,0.06687799841165543,0,0.02456500194966793,-0.08928000181913376,0.9957039952278137,0,0.07427600026130676,6.688110828399658,0,1,0.9219610095024109,0.387255996465683,-0.004474999848753214,0,-0.3871769905090332,0.9213820099830627,-0.033886998891830444,0,-0.008999999612569809,0.03297499939799309,0.9994159936904907,0,-1.9064329862594604,8.77306079864502,0,1,0.9976270198822021,0.0636729970574379,0.02617499977350235,0,-0.0688289999961853,0.9304360151290894,0.3599339723587036,0,-0.0014360005734488368,-0.3608819842338562,0.9326109886169434,0,0,9.39650821685791,0,1,0.9999529719352722,0.009537002071738243,0.0019630007445812225,0,-0.0089230015873909,0.81700199842453,0.5765659809112549,0,0.003895001020282507,-0.5765560269355774,0.8170480132102966,0,0.17730900645256042,11.760971069335938,0,1,0.9989050030708313,0.04669399932026863,0.002784000476822257,0,-0.045423999428749084,0.9540860056877136,0.296068012714386,0,0.011169000528752804,-0.29587098956108093,0.9551630020141602,0,-0.2071390002965927,9.901514053344727,0,1,0.039177972823381424,-0.017567994073033333,0.9990779757499695,0,-0.9467740058898926,-0.32035401463508606,0.03149397671222687,0,0.3195050060749054,-0.9471349716186523,-0.02918298728764057,0,-9.035642623901367,19.7058048248291,-0.11576300114393234,1,0.9089469909667969,-0.3939000070095062,0.1365939974784851,0,0.13012699782848358,0.5793089866638184,0.8046540021896362,0,-0.3960829973220825,-0.713612973690033,0.5778189897537231,0,0,19.80775260925293,0,1,0.8896210193634033,-0.4566720128059387,-0.004927000030875206,0,0.45669400691986084,0.889510989189148,0.014186999760568142,0,-0.0020959998946636915,-0.014871000312268734,0.9998869895935059,0,0,40.20464324951172,0,1,0.9568319916725159,0.24876800179481506,0.15028803050518036,0,-0.25362199544906616,0.9672060012817383,0.013734002597630024,0,-0.14194302260875702,-0.051258012652397156,0.9885470271110535,0,0,49.27713394165039,0,1,0.968828022480011,-0.19665199518203735,0.15066500008106232,0,0.13216599822044373,0.9246870279312134,0.3570530116558075,0,-0.20953300595283508,-0.32600998878479004,0.9218530058860779,0,5.415946006774902,6.281674861907959,0,1,0.9665729999542236,0.24389301240444183,0.07907900959253311,0,-0.247049018740654,0.9684479832649231,0.03279700130224228,0,-0.06858500838279724,-0.05123699828982353,0.9963290095329285,0,-0.16221599280834198,6.633286952972412,0,1,0.903963029384613,-0.4272949993610382,0.01644200086593628,0,0.4274440109729767,0.9018650054931641,-0.0627020001411438,0,0.01196299958974123,0.06370799988508224,0.9978970289230347,0,1.8871899843215942,8.678451538085938,0,1,0.9991869926452637,0.039239004254341125,0.009239999577403069,0,-0.04030000418424606,0.9777250289916992,0.20598497986793518,0,-0.0009509999072179198,-0.20618999004364014,0.9785109758377075,0,0,9.64711856842041,0,1,0.9999520182609558,0.009201000444591045,0.0033100000582635403,0,-0.009251000359654427,0.7804920077323914,0.6250969767570496,0,0.0031679999083280563,-0.6250979900360107,0.7805399894714355,0,-0.2138179987668991,12.176512718200684,0,1,0.9998490214347839,-0.017285000532865524,0.0017359999474138021,0,0.016878999769687653,0.9902719855308533,0.1381150186061859,0,-0.004106000531464815,-0.13806401193141937,0.9904149770736694,0,0.17326200008392334,9.65501594543457,0,1,-0.9947739839553833,-0.06752700358629227,0.0765879899263382,0,0.0807969942688942,-0.9792050123214722,0.18609099090099335,0,0.06242899224162102,0.1913059800863266,0.9795429706573486,0,15.452430725097656,-8.73577880859375,0.11138299852609634,1,0.9872109889984131,0.02762000821530819,0.15700802206993103,0,0.053871992975473404,0.8691409826278687,-0.4916219711303711,0,-0.15004001557826996,0.49379298090934753,0.8565379977226257,0,0,68.6116943359375,0,1,0.9740020036697388,0.01363698486238718,0.2261279821395874,0,-0.2168409824371338,0.3450550436973572,0.913191020488739,0,-0.06557301431894302,-0.9384840130805969,0.3390410244464874,0,0,67.81954193115234,0,1,0.9929590225219727,-0.0009760000975802541,0.11845099925994873,0,-0.06741499900817871,0.8175709843635559,0.5718680024147034,0,-0.09740000218153,-0.5758280158042908,0.8117489814758301,0,0,33.82291030883789,0,1,-0.9645230174064636,0.09643000364303589,-0.24575698375701904,0,-0.14077800512313843,-0.9753730297088623,0.1697929948568344,0,-0.22333098948001862,0.19836600124835968,0.9543449878692627,0,-15.452430725097656,-8.73577880859375,-0.15540599822998047,1,0.9970030188560486,-0.003889988176524639,-0.0772709921002388,0,-0.029068008065223694,0.906732976436615,-0.4207020103931427,0,0.07170099020004272,0.4216879904270172,0.903901994228363,0,0,68.59613800048828,0,1,0.9714810252189636,0.02970198355615139,-0.23525002598762512,0,0.19751203060150146,0.44759199023246765,0.8721529841423035,0,0.13120000064373016,-0.8937439918518066,0.42896100878715515,0,0,67.8037109375,0,1,0.9935569763183594,0,-0.1133359968662262,0,0.06433899700641632,0.823248028755188,0.5640249848365784,0,0.09330400079488754,-0.5676820278167725,0.8179429769515991,0,0,33.953025817871094,0,1
K0.100,0.9996870160102844,-0.024904999881982803,0.0023739999160170555,0,0.02496200054883957,0.9992930293083191,-0.02812200039625168,0,-0.0016720000421628356,0.028171999379992485,0.9996020197868347,0,1.0483059883117676,162.41204833984375,0.5115939974784851,1,0.9999970197677612,0.0016189999878406525,0.0015940000303089619,0,-0.0015960000455379486,0.9998959898948669,-0.014328000135719776,0,-0.0016169999726116657,0.01432500034570694,0.9998959898948669,0,0,15.77532958984375,-0.517041027545929,1,0.9991220235824585,-0.0005920000257901847,0.04190099984407425,0,-0.000278000021353364,0.999783992767334,0.020772000774741173,0,-0.0419050008058548,-0.020764999091625214,0.9989060163497925,0,0,18.4144229888916,0,1,0.9991220235824585,0.00023600002168677747,0.04188600182533264,0,-0.0011030000168830156,0.9997850060462952,0.020687000826001167,0,-0.04187199845910072,-0.020715000107884407,0.9989079833030701,0,0,21.045076370239258,0,1,0.999629020690918,-0.02319999970495701,-0.014272999949753284,0,0.02302899956703186,0.9996619820594788,-0.012063000351190567,0,0.014549000188708305,0.011730000376701355,0.9998250007629395,0,0,23.675701141357422,0,1,0.997402012348175,0.06373800337314606,0.033567000180482864,0,-0.06670600175857544,0.9931110143661499,0.09634000062942505,0,-0.027194999158382416,-0.09832900017499924,0.9947819709777832,0,0,18.886199951171875,2.2194950580596924,1,-0.13969600200653076,-0.006572999991476536,-0.9901729822158813,0,0.9170719981193542,-0.3779970109462738,-0.12687399983406067,0,-0.3734480142593384,-0.9257839918136597,0.05883299931883812,0,9.035642623901367,19.706745147705078,-0.14443500339984894,1,0.9124000072479248,0.3538820147514343,-0.20565499365329742,0,-0.07328800112009048,0.6355860233306885,0.7685440182685852,0,0.4026859998703003,-0.6861469745635986,0.6058440208435059,0,0,19.80775260925293,0,1,0.8729739785194397,0.48773500323295593,0.0054870001040399075,0,-0.4877600073814392,0.8728500008583069,0.014933999627828598,0,0.0024939998984336853,-0.015714000910520554,0.9998729825019836,0,0,40.20950698852539,0,1,0.9118599891662598,-0.18772199749946594,-0.36506301164627075,0,0.2692979872226715,0.9447579979896545,0.18684500455856323,0,0.3098210096359253,-0.26868700981140137,0.9120410084724426,0,0,49.287017822265625,0,1,0.9203360080718994,0.36639100313186646,0.13689300417900085,0,-0.3884339928627014,0.8972010016441345,0.21011899411678314,0,-0.04583499953150749,-0.24655300378799438,0.9680449962615967,0,-5.663900852203369,6.149862766265869,0,1,0.8791620135307312,-0.47223201394081116,-0.06379800289869308,0,0.4758960008621216,0.8769630193710327,0.06676799803972244,0,0.024418000131845474,-0.08906099945306778,0.995727002620697,0,0.07427600026130676,6.688110828399658,0,1,0.9218609929084778,0.3874939978122711,-0.004488999955356121,0,-0.38741499185562134,0.921280026435852,-0.03394100069999695,0,-0.00901699997484684,0.033027999103069305,0.9994140267372131,0,-1.9064329862594604,8.77306079864502,0,1,0.9976320266723633,0.06359399855136871,0.026180999353528023,0,-0.06875800341367722,0.930122971534729,0.36075401306152344,0,-0.0014100000262260437,-0.36169999837875366,0.9322929978370667,0,0,9.39650821685791,0,1,0.9999539852142334,0.009437000378966331,0.0019280000124126673,0,-0.008828000165522099,0.8178079724311829,0.575423002243042,0,0.003854000009596348,-0.5754129886627197,0.8178539872169495,0,0.17730900645256042,11.760971069335938,0,1,0.9989079833030701,0.04664599895477295,0.0027660001069307327,0,-0.04538099840283394,0.9542940258979797,0.29540398716926575,0,0.011140000075101852,-0.2952069938182831,0.9553679823875427,0,-0.2071390002965927,9.901514053344727,0,1,0.04066099971532822,-0.01785000041127205,0.9990140199661255,0,-0.9465339779853821,-0.3209330141544342,0.03279099985957146,0,0.32003098726272583,-0.9469339847564697,-0.029944999143481255,0,-9.035642623901367,19.7058048248291,-0.11576300114393234,1,0.9083790183067322,-0.3950969874858856,0.13691399991512299,0,0.13018299639225006,0.5783759951591492,0.8053159713745117,0,-0.3973659873008728,-0.7137079834938049,0.5768200159072876,0,0,19.80775260925293,0,1,0.8894280195236206,-0.45704901218414307,-0.004933000076562166,0,0.4570710062980652,0.889316976070404,0.014197999611496925,0,-0.0021019999403506517,-0.014883000403642654,0.9998869895935059,0,0,40.20464324951172,0,1,0.9576410055160522,0.2480420023202896,0.1462869942188263,0,-0.2527120113372803,0.9674410223960876,0.01395499985665083,0,-0.1380620002746582,-0.05033300071954727,0.9891440272331238,0,0,49.27713394165039,0,1,0.9688400030136108,-0.19721299409866333,0.14985600113868713,0,0.1327729970216751,0.9242560267448425,0.35794100165367126,0,-0.2090959995985031,-0.3268899917602539,0.9216409921646118,0,5.415946006774902,6.281674861907959,0,1,0.9662309885025024,0.24493500590324402,0.080035001039505,0,-0.24815599620342255,0.9681580066680908,0.032993998378515244,0,-0.06940499693155289,-0.05174100026488304,0.9962459802627563,0,-0.16221599280834198,6.633286952972412,0,1,0.9041720032691956,-0.4268549978733063,0.016401000320911407,0,0.42700299620628357,0.9020789861679077,-0.06261999905109406,0,0.011934000067412853,0.06362300366163254,0.9979029893875122,0,1.8871899843215942,8.678451538085938,0,1,0.999118983745575,0.040796998888254166,0.009825999848544598,0,-0.04195199906826019,0.9765759706497192,0.21104499697685242,0,-0.000986000057309866,-0.2112720012664795,0.9774270057678223,0,0,9.64711856842041,0,1,0.9999510049819946,0.009312000125646591,0.0033340000081807375,0,-0.009360999800264835,0.7822669744491577,0.6228730082511902,0,0.003192000091075897,-0.6228730082511902,0.7823160290718079,0,-0.2138179987668991,12.176512718200684,0,1,0.9998509883880615,-0.01715799979865551,0.0017330000409856439,0,0.016767999157309532,0.9907330274581909,0.13478699326515198,0,-0.004029999952763319,-0.1347379982471466,0.9908729791641235,0,0.17326200008392334,9.65501594543457,0,1,-0.9947590231895447,-0.06763400137424469,0.07668700069189072,0,0.08087199926376343,-0.9793490171432495,0.18529899418354034,0,0.06257099658250809,0.19053000211715698,0.9796850085258484,0,15.452430725097656,-8.73577880859375,0.11138299852609634,1,0.9874650239944458,0.025728000327944756,0.15572500228881836,0,0.05510399863123894,0.868349015712738,-0.49288201332092285,0,-0.14790399372577667,0.4952850043773651,0.8560469746589661,0,0,68.6116943359375,0,1,0.9735770225524902,0.015390000306069851,0.22783799469470978,0,-0.21919499337673187,0.34276700019836426,0.9134899973869324,0,-0.06403599679470062,-0.9392949938774109,0.33708301186561584,0,0,67.81954193115234,0,1,0.9929530024528503,-0.0010089999996125698,0.11850299686193466,0,-0.06744299829006195,0.817425012588501,0.5720729827880859,0,-0.09744399785995483,-0.5760340094566345,0.8115969896316528,0,0,33.82291030883789,0,1,-0.9642829895019531,0.09707199782133102,-0.24644699692726135,0,-0.14096400141716003,-0.9757930040359497,0.16720399260520935,0,-0.22425000369548798,0.1959719955921173,0.9546239972114563,0,-15.452430725097656,-8.73577880859375,-0.15540599822998047,1,0.9968820214271545,-0.005156999919563532,-0.07874300330877304,0,-0.028372999280691147,0.9077069759368896,-0.4186449944972992,0,0.07363499701023102,0.41957300901412964,0.9047300219535828,0,0,68.59613800048828,0,1,0.9719820022583008,0.03152099996805191,-0.23293399810791016,0,0.1944510042667389,0.4489310085773468,0.8721519708633423,0,0.13206300139427185,-0.8930100202560425,0.4302229881286621,0,0,67.8037109375,0,1,0.9935569763183594,0,-0.1133359968662262,0,0.06433899700641632,0.8232470154762268,0.5640249848365784,0,0.09330400079488754,-0.5676829814910889,0.8179429769515991,0,0,33.953025817871094,0,1
