0.733,30,21,41
B0,mixamorig_Hips,-1,0.9942307472229004,-0.10712774842977524,-0.0018555168062448502,0,0.10276277363300323,0.9485124349594116,0.29953280091285706,0,-0.030350638553500175,-0.2980019152164459,0.954072892665863,0,-3.0652530193328857,144.5334014892578,-5.421491622924805,1
B1,mixamorig_Spine,0,0.9900921583175659,0.07747691124677658,0.11671771109104156,0,-0.08000519871711731,0.9966133832931519,0.017103195190429688,0,-0.11499867588281631,-0.026314180344343185,0.9930046796798706,0,0,15.77532958984375,-0.517041027545929,1
B2,mixamorig_Spine1,1,0.9990068674087524,0.032406244426965714,0.030452623963356018,0,-0.0337480828166008,0.9984320402145386,0.044641006737947464,0,-0.02895861677825451,-0.04562757909297943,0.9985360503196716,0,0,18.4144229888916,0,1
B3,mixamorig_Spine2,2,0.9990590810775757,0.031616222113370895,0.029551737010478973,0,-0.03291451185941696,0.998464047908783,0.04454329237341881,0,-0.028098182752728462,-0.0454777255654335,0.9985671043395996,0,0,21.045076370239258,0,1
B4,mixamorig_Neck,3,0.99808269739151,0.06176996976137161,-0.0004188783932477236,0,-0.061725810170173645,0.9970495700836182,-0.04520409181714058,0,-0.0023931132163852453,0.045143887400627136,0.9989659786224365,0,0,23.675701141357422,0,1
B5,mixamorig_Head,4,0.9917550683021545,-0.07430057972669601,-0.10380757600069046,0,0.06474548578262329,0.9935658574104309,-0.09263339638710022,0,0.11001952737569809,0.08509130030870438,0.9902445077896118,0,0,18.886199951171875,2.2194950580596924,1
B6,mixamorig_HeadTop_End,5,1,0,0,0,0,1,0,0,0,0,1,0,0,46.124481201171875,5.420522212982178,1
B7,mixamorig_LeftShoulder,3,0.17014828324317932,0.012181323952972889,-0.9853426218032837,0,0.8274124264717102,-0.5448118448257446,0.136144757270813,0,-0.5351682901382446,-0.8384500741958618,-0.10277456045150757,0,9.035642623901367,19.706745147705078,-0.14443500339984894,1
B8,mixamorig_LeftArm,7,0.9873653650283813,0.1382416933774948,0.07713410258293152,0,-0.15784624218940735,0.8987679481506348,0.40880128741264343,0,-0.012756411917507648,-0.4158322513103485,0.9092438220977783,0,0,19.80775260925293,0,1
B9,mixamorig_LeftForeArm,8,-0.3753897547721863,0.9254152178764343,0.04370860382914543,0,-0.9254620671272278,-0.3767465651035309,0.028334766626358032,0,0.04271252080798149,-0.029814647510647774,0.9986422657966614,0,0,40.20950698852539,0,1
B10,mixamorig_LeftHand,9,0.9059044122695923,0.3088473975658417,-0.28942447900772095,0,-0.31492334604263306,0.9486731886863708,0.026643922552466393,0,0.2828710973262787,0.06694354861974716,0.9567916393280029,0,0,49.287017822265625,0,1
B11,mixamorig_LeftHandThumb1,10,0.821281373500824,0.5683881044387817,-0.04930800944566727,0,-0.5184289216995239,0.7795788645744324,0.35140737891197205,0,0.23817525804042816,-0.2630421817302704,0.9349232316017151,0,-5.663900852203369,6.149862766265869,0,1
B12,mixamorig_LeftHandThumb2,11,0.8229561448097229,-0.5655040144920349,-0.05429617688059807,0,0.5681039094924927,0.8190373778343201,0.08022618293762207,0,-0.0008970702765509486,-0.09686816483736038,0.9952967762947083,0,0.07427600026130676,6.688110828399658,0,1
B13,mixamorig_LeftHandThumb3,12,0.9669740200042725,0.24594520032405853,-0.06687387079000473,0,-0.2547992765903473,0.9391701221466064,-0.23029616475105286,0,0.006165150552988052,0.23972941935062408,0.9708197116851807,0,-1.9064329862594604,8.77306079864502,0,1
B14,mixamorig_LeftHandThumb4,13,1,0,0,0,0,1,0,0,0,0,1,0,1.832157015800476,7.4646477699279785,0,1
B15,mixamorig_LeftHandIndex1,10,0.9859499335289001,0.1503775417804718,0.07271916419267654,0,-0.1616685837507248,0.7495893239974976,0.6418517827987671,0,0.042011808604002,-0.6445903778076172,0.7633698582649231,0,0,9.39650821685791,0,1
B16,mixamorig_LeftHandIndex2,15,0.9997185468673706,0.022809447720646858,0.006486383266746998,0,-0.022103197872638702,0.7971665859222412,0.6033540964126587,0,0.008592086844146252,-0.6033281087875366,0.7974461317062378,0,0.17730900645256042,11.760971069335938,0,1
B17,mixamorig_LeftHandIndex3,16,0.996648907661438,0.0795045867562294,0.019244225695729256,0,-0.07506908476352692,0.7954909205436707,0.6012967228889465,0,0.03249752148985863,-0.6007267832756042,0.7987940311431885,0,-0.2071390002965927,9.901514053344727,0,1
B18,mixamorig_LeftHandIndex4,17,1,0,0,0,0,1,0,0,0,0,1,0,0.029829999431967735,7.350320816040039,0,1
B19,mixamorig_RightShoulder,3,0.12440504133701324,-0.010356334038078785,0.992124617099762,0,-0.9227764010429382,-0.36860769987106323,0.11187461763620377,0,0.3645426332950592,-0.9295222163200378,-0.055384743958711624,0,-9.035642623901367,19.7058048248291,-0.11576300114393234,1
B20,mixamorig_RightArm,19,0.7611359357833862,0.03422728180885315,0.64762282371521,0,-0.404428631067276,0.8057310581207275,0.4326823949813843,0,-0.5069870352745056,-0.5912712812423706,0.6271142959594727,0,0,19.80775260925293,0,1
B21,mixamorig_RightForeArm,20,0.04809337481856346,-0.9983341097831726,-0.031067613512277603,0,0.9983820915222168,0.04713039845228195,0.031013112515211105,0,-0.02949947863817215,-0.032509177923202515,0.9990360140800476,0,0,40.20464324951172,0,1
B22,mixamorig_RightHand,21,0.9903808832168579,-0.05271414667367935,-0.12791584432125092,0,0.014216302894055843,0.9584583044052124,-0.28485870361328125,0,0.13761577010154724,0.28030145168304443,0.9499889016151428,0,0,49.27713394165039,0,1
B23,mixamorig_RightHandThumb1,22,0.7908440828323364,-0.6061244606971741,0.0847337394952774,0,0.5212044715881348,0.7395792007446289,0.4258732199668884,0,-0.32079967856407166,-0.2926355004310608,0.9008066058158875,0,5.415946006774902,6.281674861907959,0,1
B24,mixamorig_RightHandThumb2,23,0.750804603099823,0.6573792099952698,0.06438293308019638,0,-0.6604992151260376,0.7480575442314148,0.06442620605230331,0,-0.005809979047626257,-0.09089632332324982,0.995843231678009,0,-0.16221599280834198,6.633286952972412,0,1
B25,mixamorig_RightHandThumb3,24,0.8551527261734009,-0.5183601379394531,0.003925400320440531,0,0.500964879989624,0.824461042881012,-0.26324474811553955,0,0.1332196444272995,0.22707992792129517,0.9647216200828552,0,1.8871899843215942,8.678451538085938,0,1
B26,mixamorig_RightHandThumb4,25,1,0,0,0,0,1,0,0,0,0,1,0,-1.7249749898910522,7.733068943023682,0,1
B27,mixamorig_RightHandIndex1,22,0.9865771532058716,-0.08031056076288223,-0.14218062162399292,0,0.15113502740859985,0.11939048767089844,0.9812755584716797,0,-0.06183162331581116,-0.9895930886268616,0.12992596626281738,0,0,9.64711856842041,-9.999999974752427e-7,1
B28,mixamorig_RightHandIndex2,27,0.9990155100822449,-0.038609571754932404,-0.02185184322297573,0,0.038466572761535645,0.5084623694419861,0.8602247834205627,0,-0.022101910784840584,-0.8602178692817688,0.5094467997550964,0,-0.2138179987668991,12.176512718200684,0,1
B29,mixamorig_RightHandIndex3,28,0.9971888661384583,-0.0720430240035057,-0.020603954792022705,0,0.0629836842417717,0.6569169163703918,0.75132817029953,0,-0.04059329628944397,-0.7505131363868713,0.6596070528030396,0,0.17326200008392334,9.65501594543457,0,1
B30,mixamorig_RightHandIndex4,29,1,0,0,0,0,1,0,0,0,0,1,0,0.04055599868297577,6.9557600021362305,0,1
B31,mixamorig_LeftUpLeg,0,-0.9756138920783997,-0.08232946693897247,0.20315085351467133,0,0.11001244932413101,-0.9853770136833191,0.12893667817115784,0,0.18973791599273682,0.14816485345363617,0.9704999923706055,0,15.452430725097656,-8.73577880859375,0.11138299852609634,1
B32,mixamorig_LeftLeg,31,0.9993137717247009,-0.005335170775651932,0.03261253237724304,0,0.028136298060417175,0.6661576628684998,-0.7451139688491821,0,-0.01773001439869404,0.745534360408783,0.6658369302749634,0,0,68.6116943359375,0,1
B33,mixamorig_LeftFoot,32,0.9910147190093994,0.02981599234044552,0.1302347630262375,0,-0.13185608386993408,0.07642515003681183,0.9840676188468933,0,0.019907813519239426,-0.9924159049987793,0.07972650229930878,0,0,67.81954193115234,0,1
B34,mixamorig_LeftToeBase,33,0.9712082147598267,-0.11137130111455917,0.21054017543792725,0,-0.16247063875198364,0.33393973112106323,0.9272041320800781,0,-0.17361587285995483,-0.9347124099731445,0.3062171936035156,0,0,33.82291030883789,0,1
B35,mixamorig_LeftToe_End,34,1,0,0,0,0,1,0,0,0,0,1,0,0,12.724933624267578,0,1
B36,mixamorig_RightUpLeg,0,-0.9855380058288574,-0.15094903111457825,0.07642965018749237,0,0.13901175558567047,-0.46492430567741394,0.8743009567260742,0,-0.09639861434698105,0.8723667860031128,0.4792204797267914,0,-15.452430725097656,-8.73577880859375,-0.15540599822998047,1
B37,mixamorig_RightLeg,36,0.9972821474075317,0.02614852786064148,-0.06854107230901718,0,-0.07365202903747559,0.3683013319969177,-0.9233863353729248,0,0.0012241383083164692,0.9259260892868042,0.36922842264175415,0,0,68.59613800048828,0,1
B38,mixamorig_RightFoot,37,0.9660789966583252,-0.17215391993522644,-0.19245173037052155,0,0.24466273188591003,0.37215960025787354,0.8952478766441345,0,-0.08254808932542801,-0.9119722843170166,0.4016706645488739,0,0,67.8037109375,0,1
B39,mixamorig_RightToeBase,38,0.9930930733680725,0.00038559173117391765,-0.11732403188943863,0,0.07896725833415985,0.7365538477897644,0.6711441278457642,0,0.08666488528251648,-0.6757726669311523,0.7314375042915344,0,0,33.953025817871094,0,1
B40,mixamorig_RightToe_End,39,1,0,0,0,0,1,0,0,0,0,1,0,0,12.887110710144043,0,1
@34,0,1,2,3,4,5,7,8,9,10,11,12,13,15,16,17,19,20,21,22,23,24,25,27,28,29,31,32,33,34,36,37,38,39
K0.000,0.9965069890022278,0.0366239994764328,0.07504600286483765,0,-0.05870699882507324,0.9463729858398438,0.31769898533821106,0,-0.0593860000371933,-0.3209950029850006,0.9452170133590698,0,0.07271800190210342,137.88003540039062,0.5288479924201965,1,0.9981210231781006,0.006792999804019928,-0.06089000031352043,0,-0.004430999979376793,0.999235987663269,0.03883599862456322,0,0.06110699847340584,-0.03849299997091293,0.997389018535614,0,0,15.77532958984375,-0.517041027545929,1,0.9990270137786865,0.01544100046157837,-0.04131399840116501,0,-0.01319199986755848,0.9984440207481384,0.05418200045824051,0,0.042086001485586166,-0.05358399823307991,0.9976760149002075,0,0,18.4144229888916,0,1,0.9989809989929199,0.016945000737905502,-0.0418270006775856,0,-0.014719000086188316,0.9984880089759827,0.05296200141310692,0,0.04266100004315376,-0.052292000502347946,0.9977200031280518,0,0,21.045076370239258,0,1,0.9997130036354065,0.023850999772548676,0.0022750000935047865,0,-0.02354699932038784,0.9956169724464417,-0.09050700068473816,0,-0.004422999918460846,0.09042800217866898,0.9958930015563965,0,0,23.675701141357422,0,1,0.9977049827575684,-0.06324999779462814,-0.0241519995033741,0,0.05797300115227699,0.982358992099762,-0.17779399454593658,0,0.034970998764038086,0.17598600685596466,0.983771026134491,0,0,18.886199951171875,2.2194950580596924,1,0.1547349989414215,0.010480999946594238,-0.9879000186920166,0,0.8185920119285583,-0.5612120032310486,0.12226200103759766,0,-0.5531399846076965,-0.8276060223579407,-0.09541899710893631,0,9.035642623901367,19.706745147705078,-0.14443500339984894,1,0.9154829978942871,0.11024200171232224,-0.3869589865207672,0,0.1028589978814125,0.8656520247459412,0.4899660050868988,0,0.3889870047569275,-0.4883579909801483,0.7811509966850281,0,0,19.80775260925293,0,1,0.28032800555229187,0.959613025188446,0.023632999509572983,0,-0.9596620202064514,0.2796179950237274,0.02938299998641014,0,0.021587999537587166,-0.03091599978506565,0.9992889761924744,0,0,40.20950698852539,0,1,0.9473959803581238,0.3145489990711212,0.05916300043463707,0,-0.3106499910354614,0.9481850266456604,-0.06664100289344788,0,-0.07705900073051453,0.044755998998880386,0.9960209727287292,0,0,49.287017822265625,0,1,0.8249289989471436,0.5545330047607422,-0.10947500169277191,0,-0.5495629906654358,0.832161009311676,0.07408499717712402,0,0.1321830004453659,-0.0009519999730400741,0.991225004196167,0,-5.663900852203369,6.149862766265869,0,1,0.7892330288887024,-0.6098849773406982,-0.07177499681711197,0,0.6140570044517517,0.785053014755249,0.08139800280332565,0,0.006703999824821949,-0.10831700265407562,0.9940940141677856,0,0.07427600026130676,6.688110828399658,0,1,0.8172860145568848,0.5754430294036865,-0.030132999643683434,0,-0.5587149858474731,0.778560996055603,-0.28579699993133545,0,-0.14100000262260437,0.25041401386260986,0.9578160047531128,0,-1.9064329862594604,8.77306079864502,0,1,0.9486500024795532,0.14839699864387512,0.27935799956321716,0,-0.28973498940467834,0.05320899933576584,0.9556270241737366,0,0.12694799900054932,-0.9874950051307678,0.09347199648618698,0,0,9.39650821685791,0,1,0.9985169768333435,0.04888100177049637,0.02397100068628788,0,-0.04691600054502487,0.5491819977760315,0.8343849778175354,0,0.02762099914252758,-0.834272027015686,0.550661027431488,0,0.17730900645256042,11.760971069335938,0,1,0.9953629970550537,0.09113200008869171,0.030767999589443207,0,-0.08445700258016586,0.6749799847602844,0.7329859733581543,0,0.04603099822998047,-0.7321860194206238,0.6795470118522644,0,-0.2071390002965927,9.901514053344727,0,1,0.09292899817228317,-0.011528000235557556,0.995606005191803,0,-0.8610739707946777,-0.5029850006103516,0.07454799860715866,0,0.4999150037765503,-0.86421799659729,-0.056669000536203384,0,-9.035642623901367,19.7058048248291,-0.11576300114393234,1,0.8928970098495483,-0.22400300204753876,0.3905870020389557,0,0.06724700331687927,0.924081027507782,0.3762350082397461,0,-0.4452120065689087,-0.309673011302948,0.8401719927787781,0,0,19.80775260925293,0,1,0.15829600393772125,-0.9870049953460693,-0.02764499932527542,0,0.9870520234107971,0.1574449986219406,0.03066200017929077,0,-0.02591099962592125,-0.03214000165462494,0.9991469979286194,0,0,40.20464324951172,0,1,0.9869549870491028,-0.16049300134181976,-0.012702999636530876,0,0.15784400701522827,0.9801560044288635,-0.1199129968881607,0,0.031697001308202744,0.11634399741888046,0.9927030205726624,0,0,49.27713394165039,0,1,0.8164250254631042,-0.5754560232162476,0.04796599969267845,0,0.5439490079879761,0.7942829728126526,0.2706179916858673,0,-0.19382700324058533,-0.19484800100326538,0.9614909887313843,0,5.415946006774902,6.281674861907959,0,1,0.7874299883842468,0.6144809722900391,0.048656001687049866,0,-0.6164029836654663,0.7847959995269775,0.06435800343751907,0,0.001361000002361834,-0.08066900074481964,0.9967399835586548,0,-0.16221599280834198,6.633286952972412,0,1,0.9834020137786865,-0.1762000024318695,0.04329400137066841,0,0.18143700063228607,0.9565100073814392,-0.22840499877929688,0,-0.0011660000309348106,0.23246900737285614,0.9726030230522156,0,1.8871899843215942,8.678451538085938,0,1,0.9945549964904785,-0.08436299860477448,-0.061181001365184784,0,0.09913899749517441,0.5849829912185669,0.804964005947113,0,-0.03211899846792221,-0.8066459894180298,0.5901619791984558,0,0,9.64711856842041,0,1,0.9995430111885071,-0.02758999913930893,-0.012360000051558018,0,0.027499999850988388,0.6599000096321106,0.7508500218391418,0,-0.01255900040268898,-0.7508469820022583,0.6603569984436035,0,-0.2138179987668991,12.176512718200684,0,1,0.9973139762878418,-0.07066100090742111,-0.01927799917757511,0,0.06206100061535835,0.6754519939422607,0.7347869873046875,0,-0.038899000734090805,-0.7340099811553955,0.6780229806900024,0,0.17326200008392334,9.65501594543457,0,1,-0.9966989755630493,0.03680599853396416,0.07235699892044067,0,0.044578999280929565,-0.4967469871044159,0.8667500019073486,0,0.06784400343894958,0.8671150207519531,0.49346598982810974,0,15.452430725097656,-8.73577880859375,0.11138299852609634,1,0.9915339946746826,-0.12925300002098083,0.012370999902486801,0,-0.013194999657571316,-0.19508600234985352,-0.980696976184845,0,0.12917199730873108,0.9722319841384888,-0.19514000415802002,0,0,68.6116943359375,0,1,0.9309449791908264,0.17171500623226166,0.32226699590682983,0,-0.36190301179885864,0.5514839887619019,0.7515929937362671,0,-0.04866499826312065,-0.8163210153579712,0.5755450129508972,0,0,67.81954193115234,0,1,0.9885640144348145,-0.02186799980700016,0.14921000599861145,0,-0.06301899999380112,0.8389899730682373,0.5404859781265259,0,-0.1370050013065338,-0.5437080264091492,0.828016996383667,0,0,33.82291030883789,0,1,-0.9968780279159546,-0.0628030002117157,-0.04784499853849411,0,0.01590999960899353,-0.7533699870109558,0.6574040055274963,0,-0.07733199745416641,0.6545910239219666,0.7520170211791992,0,-15.452430725097656,-8.73577880859375,-0.15540599822998047,1,0.9970939755439758,0.05150799825787544,-0.056136999279260635,0,-0.07004299759864807,0.3298729956150055,-0.9414229989051819,0,-0.029973000288009644,0.9426190257072449,0.332522988319397,0,0,68.59613800048828,0,1,0.9614670276641846,-0.09790699928998947,-0.2568970024585724,0,0.2289160043001175,-0.23237499594688416,0.9453039765357971,0,-0.15224799513816833,-0.9676859974861145,-0.20100900530815125,0,0,67.8037109375,0,1,0.9935569763183594,0,-0.1133359968662262,0,0.06433899700641632,0.823248028755188,0.5640249848365784,0,0.09330400079488754,-0.5676820278167725,0.8179429769515991,0,0,33.953025817871094,0,1
K0.033,0.9969589710235596,0.04339940845966339,0.06471884995698929,0,-0.06122833862900734,0.9500200152397156,0.30612581968307495,0,-0.04819774627685547,-0.3091578185558319,0.9497890472412109,0,-0.3229369521141052,143.356689453125,-0.7488096356391907,1,0.9955919981002808,0.002181605901569128,-0.09376414865255356,0,0.001008403836749494,0.9994230270385742,0.03395802155137062,0,0.09378413110971451,-0.03390306606888771,0.995015025138855,0,0,15.77532958984375,-0.517041027545929,1,0.9983230233192444,0.0046029239892959595,-0.057699061930179596,0,-0.00157791911624372,0.9986270070075989,0.052365027368068695,0,0.05786105990409851,-0.0521860308945179,0.9969599843025208,0,0,18.4144229888916,0,1,0.9982659816741943,0.006382927764207125,-0.058522067964076996,0,-0.003386922413483262,0.9986850023269653,0.05114702507853508,0,0.05877206474542618,-0.050860028713941574,0.9969750046730042,0,0,21.045076370239258,0,1,0.9997169971466064,0.020960954949259758,0.011226077564060688,0,-0.020045951008796692,0.9968870282173157,-0.07625588029623032,0,-0.012789071537554264,0.0760088786482811,0.9970250129699707,0,0,23.675701141357422,0,1,0.9993379712104797,-0.028952768072485924,0.022037431597709656,0,0.03196181729435921,0.9879550337791443,-0.15140773355960846,0,-0.017388466745615005,0.15201173722743988,0.9882259964942932,0,0,18.886199951171875,2.2194950580596924,1,0.12284281104803085,0.012097008526325226,-0.9923520088195801,0,0.8305500745773315,-0.5485859513282776,0.09612584114074707,0,-0.5432279109954834,-0.8360070586204529,-0.0774368941783905,0,9.035642623901367,19.706745147705078,-0.14443500339984894,1,0.8873968124389648,0.08715581893920898,-0.45269232988357544,0,0.1358451247215271,0.8889291882514954,0.437436580657959,0,0.4405372738838196,-0.44967567920684814,0.7769940495491028,0,0,19.80775260925293,0,1,0.18367323279380798,0.9826270937919617,0.02659202180802822,0,-0.9826771020889282,0.18286824226379395,0.030087003484368324,0,0.024702023714780807,-0.031658004969358444,0.999193012714386,0,0,40.20950698852539,0,1,0.9526960849761963,0.30192485451698303,-0.03479824587702751,0,-0.30038881301879883,0.9528360366821289,0.043248217552900314,0,0.04621429368853569,-0.03075014427304268,0.9984580278396606,0,0,49.287017822265625,0,1,0.8260340094566345,0.551908016204834,-0.11430401355028152,0,-0.5501949787139893,0.8336020112037659,0.04891890659928322,0,0.1222829595208168,0.02248108573257923,0.9922410249710083,0,-5.663900852203369,6.149862766265869,0,1,0.7861170172691345,-0.6137099862098694,-0.07335000485181808,0,0.6180350184440613,0.7819139957427979,0.08151400089263916,0,0.007327002473175526,-0.10941300541162491,0.9939690232276917,0,0.07427600026130676,6.688110828399658,0,1,0.7983439564704895,0.6015810966491699,-0.02731998823583126,0,-0.582421064376831,0.7597939372062683,-0.2889609932899475,0,-0.15307603776454926,0.24660198390483856,0.9569510221481323,0,-1.9064329862594604,8.77306079864502,0,1,0.944616973400116,0.13780196011066437,0.29784005880355835,0,-0.29852402210235596,-0.016160255298018456,0.9542649984359741,0,0.13631202280521393,-0.9903280138969421,0.025871749967336655,0,0,9.39650821685791,0,1,0.9983689785003662,0.05087100714445114,0.025925006717443466,0,-0.048770006746053696,0.5236948728561401,0.8505090475082397,0,0.029689008370041847,-0.8503860831260681,0.5253208875656128,0,0.17730900645256042,11.760971069335938,0,1,0.9952430129051208,0.09205800294876099,0.03188500553369522,0,-0.08516799658536911,0.6632159352302551,0.7435670495033264,0,0.04730500280857086,-0.742745041847229,0.6679009199142456,0,-0.2071390002965927,9.901514053344727,0,1,0.09012889862060547,-0.011247019283473492,0.9958670139312744,0,-0.8604540228843689,-0.5043900609016418,0.07217689603567123,0,0.5014930367469788,-0.8634030222892761,-0.055136967450380325,0,-9.035642623901367,19.7058048248291,-0.11576300114393234,1,0.8833490014076233,-0.20578792691230774,0.42112505435943604,0,0.038430873304605484,0.9272379875183105,0.37249505519866943,0,-0.46713802218437195,-0.31285807490348816,0.8269829154014587,0,0,19.80775260925293,0,1,0.005520721431821585,-0.9994599223136902,-0.032390039414167404,0,0.9995079636573792,0.004514719825237989,0.03104899823665619,0,-0.030885040760040283,-0.032545994967222214,0.9989929795265198,0,0,40.20464324951172,0,1,0.9856579899787903,-0.15640079975128174,-0.06337639689445496,0,0.1408357322216034,0.9692779779434204,-0.20165704190731049,0,0.09296835958957672,0.18983902037143707,0.9774039387702942,0,0,49.27713394165039,0,1,0.8181869983673096,-0.5732430219650269,0.044292986392974854,0,0.5452659726142883,0.798071026802063,0.2564529478549957,0,-0.18235795199871063,-0.18567496538162231,0.9655410051345825,0,5.415946006774902,6.281674861907959,0,1,0.7905399799346924,0.6105819940567017,0.04728999733924866,0,-0.6124070286750793,0.7879170179367065,0.06436900049448013,0,0.002042002510279417,-0.07984700053930283,0.9968050122261047,0,-0.16221599280834198,6.633286952972412,0,1,0.9884269833564758,-0.14410588145256042,0.04739301651716232,0,0.1511058807373047,0.9628829956054688,-0.22365999221801758,0,-0.013403045013546944,0.2282329797744751,0.9735140204429626,0,1.8871899843215942,8.678451538085938,0,1,0.9951159954071045,-0.08235199004411697,-0.054422974586486816,0,0.0939369797706604,0.6206911206245422,0.778407871723175,0,-0.030323995277285576,-0.7797188758850098,0.6253951191902161,0,0,9.64711856842041,0,1,0.9995800256729126,-0.026531996205449104,-0.011622997000813484,0,0.0264469962567091,0.6722580790519714,0.7398439645767212,0,-0.011815996840596199,-0.7398409247398376,0.6726780533790588,0,-0.2138179987668991,12.176512718200684,0,1,0.9973250031471252,-0.07053700089454651,-0.019162999466061592,0,0.061976999044418335,0.6770730018615723,0.7333019971847534,0,-0.038750000298023224,-0.7325279712677002,0.6796330213546753,0,0.17326200008392334,9.65501594543457,0,1,-0.9969720244407654,0.04558439925312996,0.06299057602882385,0,0.0346384271979332,-0.46491914987564087,0.884675920009613,0,0.06961315125226974,0.884178876876831,0.4619321823120117,0,15.452430725097656,-8.73577880859375,0.11138299852609634,1,0.9908679723739624,-0.13463379442691803,-0.007302179001271725,0,-0.00970494281500578,-0.01719900593161583,-0.9998047947883606,0,0.13448181748390198,0.9907459020614624,-0.01834901049733162,0,0,68.6116943359375,0,1,0.9368679523468018,0.16012464463710785,0.3108683228492737,0,-0.34740912914276123,0.5274657607078552,0.7752981185913086,0,-0.0398283451795578,-0.8343502283096313,0.5497936606407166,0,0,67.81954193115234,0,1,0.9699310660362244,-0.07276684045791626,0.2322448045015335,0,-0.10502791404724121,0.7356822490692139,0.6691347360610962,0,-0.2195497751235962,-0.6734067797660828,0.7059183120727539,0,0,33.82291030883789,0,1,-0.9947689175605774,-0.04583648592233658,-0.09129059314727783,0,0.00015455088578164577,-0.8943477272987366,0.44737109541893005,0,-0.10215142369270325,0.44501715898513794,0.8896766304969788,0,-15.452430725097656,-8.73577880859375,-0.15540599822998047,1,0.9961289763450623,0.0868881568312645,-0.013355465605854988,0,-0.0595538504421711,0.5552425384521484,-0.8295527696609497,0,-0.06466235965490341,0.827136754989624,0.5582674741744995,0,0,68.59613800048828,0,1,0.9624469876289368,-0.0975642204284668,-0.25332990288734436,0,0.22650004923343658,-0.22579796612262726,0.9474771618843079,0,-0.1496419757604599,-0.9692761898040771,-0.195219948887825,0,0,67.8037109375,0,1,0.9938119649887085,-0.0013626301661133766,-0.11106747388839722,0,0.06317131221294403,0.8294053673744202,0.5550638437271118,0,0.09136340022087097,-0.5586458444595337,0.8243582844734192,0,0,33.953025817871094,0,1
K0.067,0.9952070116996765,0.08431658893823624,0.04952715337276459,0,-0.0950966626405716,0.9524930119514465,0.28933316469192505,0,-0.022778254002332687,-0.29265618324279785,0.9559459686279297,0,-0.7177780866622925,147.5358428955078,-2.4103755950927734,1,0.9933779835700989,-0.0372186079621315,-0.10869184881448746,0,0.041368596255779266,0.9984890222549438,0.03617497906088829,0,0.10718086361885071,-0.04043193534016609,0.9934170246124268,0,0,15.77532958984375,-0.517041027545929,1,0.9979339838027954,-0.002978924661874771,-0.06417593359947205,0,0.0065079196356236935,0.9984729886054993,0.054850973188877106,0,0.06391394138336182,-0.05515497177839279,0.996429979801178,0,0,18.4144229888916,0,1,0.9978640079498291,-0.0008529280312359333,-0.06532293558120728,0,0.0043619233183562756,0.9985529780387878,0.05360097438097,0,0.06518293172121048,-0.0537719689309597,0.9964240193367004,0,0,21.045076370239258,0,1,0.9996860027313232,0.016414044424891472,0.01894892379641533,0,-0.015163048170506954,0.9978119730949402,-0.06435711681842804,0,-0.01996292918920517,0.0640491172671318,0.997747004032135,0,0,23.675701141357422,0,1,0.9978510141372681,-0.005728230811655521,0.06527157127857208,0,0.013823180459439754,0.9921549558639526,-0.12424926459789276,0,-0.06404753774404526,0.12488427013158798,0.9901019930839539,0,0,18.886199951171875,2.2194950580596924,1,0.10430418699979782,0.012977991253137589,-0.9944609999656677,0,0.8376879692077637,-0.5401370525360107,0.08081115037202835,0,-0.5360970497131348,-0.8414769172668457,-0.06721010059118271,0,9.035642623901367,19.706745147705078,-0.14443500339984894,1,0.8718051910400391,0.0692891776561737,-0.48492667078971863,0,0.1474478840827942,0.9069158434867859,0.39466843008995056,0,0.4671337306499481,-0.4155753254890442,0.7804369330406189,0,0,19.80775260925293,0,1,0.10781975090503693,0.9937498569488525,0.028914976865053177,0,-0.9937998652458191,0.10693975538015366,0.030427996069192886,0,0.02714497596025467,-0.03201599791646004,0.999118983745575,0,0,40.20950698852539,0,1,0.9562219381332397,0.2865351438522339,-0.05946975573897362,0,-0.2827491760253906,0.9570109248161316,0.06467578560113907,0,0.07544470578432083,-0.04502885788679123,0.996133029460907,0,0,49.287017822265625,0,1,0.8264719843864441,0.5508869886398315,-0.11605098843574524,0,-0.5503379702568054,0.8339999914169312,0.03964609280228615,0,0.11862703412771225,0.031100913882255554,0.9924520254135132,0,-5.663900852203369,6.149862766265869,0,1,0.7849640250205994,-0.6151139736175537,-0.07392999529838562,0,0.6194949746131897,0.7807520031929016,0.081557996571064,0,0.007553997449576855,-0.10981999337673187,0.993923008441925,0,0.07427600026130676,6.688110828399658,0,1,0.7911600470542908,0.611042857170105,-0.026293009519577026,0,-0.5909959673881531,0.7527230381965637,-0.29005399346351624,0,-0.15744395554065704,0.24501802027225494,0.9566490054130554,0,-1.9064329862594604,8.77306079864502,0,1,0.9431179761886597,0.13346505165100098,0.3044929504394531,0,-0.3016339838504791,-0.041639745235443115,0.9525139927864075,0,0.13980597257614136,-0.9901779890060425,0.0009872473310679197,0,0,9.39650821685791,0,1,0.9983119964599609,0.0515889935195446,0.026659993454813957,0,-0.0494379922747612,0.514190137386322,0.8562499284744263,0,0.03046499192714691,-0.8561229109764099,0.5158731341362,0,0.17730900645256042,11.760971069335938,0,1,0.9951990246772766,0.09239400178194046,0.03229899704456329,0,-0.08542399853467941,0.6588420867919922,0.7474149465560913,0,0.0477759949862957,-0.7465859651565552,0.6635720729827881,0,-0.2071390002965927,9.901514053344727,0,1,0.07963310182094574,-0.01319798082113266,0.996737003326416,0,-0.8594539761543274,-0.5074459314346313,0.06194610148668289,0,0.5049729347229004,-0.8615819811820984,-0.05175303295254707,0,-9.035642623901367,19.7058048248291,-0.11576300114393234,1,0.8821939826011658,-0.19865307211875916,0.4269309341907501,0,0.025800125673413277,0.9256849884986877,0.37741392850875854,0,-0.4701779782772064,-0.3219379186630249,0.8217600584030151,0,0,19.80775260925293,0,1,-0.12226073443889618,-0.9918320775032043,-0.03635995835065842,0,0.9918790459632874,-0.12339572608470917,0.03081200271844864,0,-0.035046957433223724,-0.032298002392053604,0.9988639950752258,0,0,40.20464324951172,0,1,0.985230028629303,-0.13680219650268555,-0.10298560559749603,0,0.11332627385854721,0.9718070030212402,-0.20675595104694366,0,0.1283666491508484,0.19203098118305206,0.9729570746421814,0,0,49.27713394165039,0,1,0.8188149929046631,-0.5724499821662903,0.042926013469696045,0,0.5457209944725037,0.799422025680542,0.2512240707874298,0,-0.17812904715538025,-0.182280033826828,0.9669770002365112,0,5.415946006774902,6.281674861907959,0,1,0.7916790246963501,0.6091430187225342,0.04678700491786003,0,-0.6109330058097839,0.7890610098838806,0.06437399983406067,0,0.00229499745182693,-0.07954800128936768,0.996828019618988,0,-0.16221599280834198,6.633286952972412,0,1,0.9900060296058655,-0.13226011395454407,0.04893798381090164,0,0.1398850977420807,0.9649950265884399,-0.2218490093946457,0,-0.017882956191897392,0.2264770120382309,0.9738519787788391,0,1.8871899843215942,8.678451538085938,0,1,0.9953150153160095,-0.0815340057015419,-0.051962025463581085,0,0.09200402349233627,0.6335268616676331,0.7682310938835144,0,-0.029718006029725075,-0.7694131135940552,0.6380598545074463,0,0,9.64711856842041,0,1,0.99959397315979,-0.026141004636883736,-0.011355002410709858,0,0.02605600282549858,0.6767619252204895,0.7357410788536072,0,-0.011548003181815147,-0.7357380390167236,0.6771679520606995,0,-0.2138179987668991,12.176512718200684,0,1,0.9973289966583252,-0.0704910010099411,-0.019121000543236732,0,0.06194600090384483,0.6776679754257202,0.7327539920806885,0,-0.03869599848985672,-0.7319809794425964,0.6802250146865845,0,0.17326200008392334,9.65501594543457,0,1,-0.9961339831352234,0.08533960580825806,0.02085541933774948,0,-0.0227214302867651,-0.4795888364315033,0.8771990537643433,0,0.08486185222864151,0.8733341097831726,0.479673832654953,0,15.452430725097656,-8.73577880859375,0.11138299852609634,1,0.9931809902191162,-0.11383821070194244,-0.025165822356939316,0,-0.0040290565229952335,0.18220901489257812,-0.98325115442276,0,0.11651717871427536,0.976647138595581,0.18050701916217804,0,0,68.6116943359375,0,1,0.9305720329284668,0.12481734901666641,0.3441736698150635,0,-0.35848087072372437,0.5015352368354797,0.7873708605766296,0,-0.07433765381574631,-0.8560857772827148,0.5114593505859375,0,0,67.81954193115234,0,1,0.9755449295043945,-0.057321153581142426,0.2121962010860443,0,-0.09581708908081055,0.7579377889633179,0.6452522277832031,0,-0.19781820476055145,-0.6498042345046997,0.7339097261428833,0,0,33.82291030883789,0,1,-0.9884870648384094,0.005415490362793207,-0.15120840072631836,0,-0.044729553163051605,-0.9651522636413574,0.25783586502075195,0,-0.1445435881614685,0.2616308033466339,0.9542833566665649,0,-15.452430725097656,-8.73577880859375,-0.15540599822998047,1,0.9939129948616028,0.10262584686279297,0.040070466697216034,0,-0.04460114985704422,0.7073825001716614,-0.7054212689399719,0,-0.10073964297771454,0.6993402242660522,0.7076535224914551,0,0,68.59613800048828,0,1,0.9619759917259216,-0.12025777995586395,-0.2452370673418045,0,0.23078595101833344,-0.1223430261015892,0.9652827978134155,0,-0.14608603715896606,-0.985174834728241,-0.08993804454803467,0,0,67.8037109375,0,1,0.9867260456085205,0.035600632429122925,-0.15844352543354034,0,0.09479469060897827,0.665924608707428,0.7399711608886719,0,0.13185559213161469,-0.745168149471283,0.653710663318634,0,0,33.953025817871094,0,1
K0.100,0.989516019821167,0.1423420011997223,0.024418001994490623,0,-0.14360900223255157,0.9518830180168152,0.27073100209236145,0,0.015292998403310776,-0.27139899134635925,0.9623450040817261,0,-1.3903809785842896,151.18067932128906,-4.238864898681641,1,0.9883059859275818,-0.09865500032901764,-0.1162709966301918,0,0.10414200276136398,0.9936710000038147,0.0420910008251667,0,0.11138200014829636,-0.053707998245954514,0.9923250079154968,0,0,15.77532958984375,-0.517041027545929,1,0.9979259967803955,-0.011277000419795513,-0.0633699968457222,0,0.015075000002980232,0.9980980157852173,0.05978100001811981,0,0.06257499754428864,-0.0606129989027977,0.9961979985237122,0,0,18.4144229888916,0,1,0.9978659749031067,-0.008964999578893185,-0.06468299776315689,0,0.012773999944329262,0.9981930255889893,0.05872099846601486,0,0.06403999775648117,-0.059422001242637634,0.9961770176887512,0,0,21.045076370239258,0,1,0.9996669888496399,0.0038760004099458456,0.02549700066447258,0,-0.0026820003986358643,0.9989060163497925,-0.04669199883937836,0,-0.02565000019967556,0.04660800099372864,0.998583972454071,0,0,23.675701141357422,0,1,0.992929995059967,0.023917997255921364,0.11626400053501129,0,-0.012051998637616634,0.9947410225868225,-0.10171200335025787,0,-0.11808600276708603,0.09959200024604797,0.9879969954490662,0,0,18.886199951171875,2.2194950580596924,1,0.08185099810361862,0.014302000403404236,-0.9965419769287109,0,0.8481209874153137,-0.5261499881744385,0.062109000980854034,0,-0.5234419703483582,-0.8502709865570068,-0.05519599840044975,0,9.035642623901367,19.706745147705078,-0.14443500339984894,1,0.854744017124176,0.02975800260901451,-0.5181970000267029,0,0.1704619973897934,0.9268869757652283,0.33439901471138,0,0.4902609884738922,-0.37415799498558044,0.7871779799461365,0,0,19.80775260925293,0,1,-0.015069994144141674,0.999351978302002,0.032676998525857925,0,-0.9994029998779297,-0.016071993857622147,0.030598999932408333,0,0.03110400028526783,-0.03219600021839142,0.9989969730377197,0,0,40.20950698852539,0,1,0.9684450030326843,0.24793599545955658,-0.025350002571940422,0,-0.24447199702262878,0.9648119807243347,0.09679900109767914,0,0.048457998782396317,-0.08754699677228928,0.9949809908866882,0,0,49.287017822265625,0,1,0.8262779712677002,0.5513380169868469,-0.11528699845075607,0,-0.5502809882164001,0.8338339924812317,0.04371200129389763,0,0.12022999674081802,0.02732199989259243,0.9923700094223022,0,-5.663900852203369,6.149862766265869,0,1,0.7854700088500977,-0.6144989728927612,-0.07367599755525589,0,0.6188549995422363,0.7812619805335999,0.08153899759054184,0,0.007455000188201666,-0.10964100062847137,0.9939429759979248,0,0.07427600026130676,6.688110828399658,0,1,0.7943239808082581,0.6069049835205078,-0.026743000373244286,0,-0.5872470140457153,0.7558339834213257,-0.28957900404930115,0,-0.15553399920463562,0.24572399258613586,0.9567810297012329,0,-1.9064329862594604,8.77306079864502,0,1,0.94377601146698,0.13539400696754456,0.30158698558807373,0,-0.30028000473976135,-0.03047499991953373,0.9533640146255493,0,0.13827000558376312,-0.990323007106781,0.01189499907195568,0,0,9.39650821685791,0,1,0.9983369708061218,0.05127499997615814,0.026336999610066414,0,-0.04914600029587746,0.5183650255203247,0.8537459969520569,0,0.03012399934232235,-0.8536210060119629,0.520022988319397,0,0.17730900645256042,11.760971069335938,0,1,0.9952179789543152,0.09224700182676315,0.032117001712322235,0,-0.08531200140714645,0.6607620120048523,0.745730996131897,0,0.04757000133395195,-0.7449049949645996,0.6654719710350037,0,-0.2071390002965927,9.901514053344727,0,1,0.1292950063943863,-0.01565299928188324,0.9914829730987549,0,-0.8695899844169617,-0.4823110103607178,0.10578499734401703,0,0.4765470027923584,-0.8758599758148193,-0.07597199827432632,0,-9.035642623901367,19.7058048248291,-0.11576300114393234,1,0.9056810140609741,-0.15238699316978455,0.3956249952316284,0,-0.03506799787282944,0.9030439853668213,0.42811301350593567,0,-0.4225060045719147,-0.4016079902648926,0.8125270009040833,0,0,19.80775260925293,0,1,-0.28747400641441345,-0.9568889737129211,-0.041492000222206116,0,0.9569349884986877,-0.2887760102748871,0.029726000502705574,0,-0.04042699933052063,-0.03116000071167946,0.9986969828605652,0,0,40.20464324951172,0,1,0.9901310205459595,-0.07841400057077408,-0.11615800112485886,0,0.06157200410962105,0.9879379868507385,-0.14208300411701202,0,0.12589800357818604,0.1335279941558838,0.9830160140991211,0,0,49.27713394165039,0,1,0.8185409903526306,-0.5727959871292114,0.043526001274585724,0,0.545524001121521,0.7988319993019104,0.2535170018672943,0,-0.17998400330543518,-0.18377000093460083,0.9663509726524353,0,5.415946006774902,6.281674861907959,0,1,0.7911800146102905,0.6097739934921265,0.0470069982111454,0,-0.6115790009498596,0.7885599732398987,0.0643720030784607,0,0.002185000106692314,-0.0796779990196228,0.9968180060386658,0,-0.16221599280834198,6.633286952972412,0,1,0.9893320202827454,-0.13745500147342682,0.04825799912214279,0,0.14480799436569214,0.9640849828720093,-0.22264599800109863,0,-0.01592100039124489,0.22725899517536163,0.9737039804458618,0,1.8871899843215942,8.678451538085938,0,1,0.9952290058135986,-0.08189599961042404,-0.0530409999191761,0,0.09285300225019455,0.6279199719429016,0.7727190256118774,0,-0.029976999387145042,-0.7739570140838623,0.6325290203094482,0,0,9.64711856842041,0,1,0.9995880126953125,-0.026311999186873436,-0.011471999809145927,0,0.02622699923813343,0.6747909784317017,0.737542986869812,0,-0.011664999648928642,-0.7375400066375732,0.6752030253410339,0,-0.2138179987668991,12.176512718200684,0,1,0.9973270297050476,-0.07051199674606323,-0.019139999523758888,0,0.06196000054478645,0.6774070262908936,0.732994019985199,0,-0.038718998432159424,-0.7322210073471069,0.6799650192260742,0,0.17326200008392334,9.65501594543457,0,1,-0.9907879829406738,0.12020199745893478,-0.062369994819164276,0,-0.11349299550056458,-0.4857879877090454,0.8666769862174988,0,0.07387799769639969,0.865772008895874,0.49495500326156616,0,15.452430725097656,-8.73577880859375,0.11138299852609634,1,0.9980769753456116,-0.055167004466056824,-0.0282639991492033,0,0.0024439997505396605,0.4906420111656189,-0.8713579773902893,0,0.061938002705574036,0.869612991809845,0.4898329973220825,0,0,68.6116943359375,0,1,0.8950430154800415,-0.00043299442040733993,0.4459800124168396,0,-0.36844199895858765,0.5627449750900269,0.7399790287017822,0,-0.25129398703575134,-0.8266299962997437,0.5035219788551331,0,0,67.81954193115234,0,1,0.9951959848403931,0.011157996952533722,0.09726300835609436,0,-0.05782200023531914,0.8686860203742981,0.4919770061969757,0,-0.07900100946426392,-0.49523699283599854,0.8651580214500427,0,0,33.82291030883789,0,1,-0.9719989895820618,0.06825699657201767,-0.22485199570655823,0,-0.10738100111484528,-0.9801520109176636,0.16664999723434448,0,-0.20901399850845337,0.18612800538539886,0.9600359797477722,0,-15.452430725097656,-8.73577880859375,-0.15540599822998047,1,0.9902250170707703,0.11192400008440018,0.08323699980974197,0,-0.024358000606298447,0.726347029209137,-0.686896026134491,0,-0.13733899593353271,0.6781539916992188,0.7219730019569397,0,0,68.59613800048828,0,1,0.9550009965896606,-0.13926899433135986,-0.26187101006507874,0,0.2737550139427185,0.0740789920091629,0.9589419960975647,0,-0.11415199935436249,-0.9874799847602844,0.1088709905743599,0,0,67.8037109375,0,1,0.9681209921836853,0.12884600460529327,-0.21480299532413483,0,0.17432299256324768,0.26923102140426636,0.9471679925918579,0,0.17986999452114105,-0.9544180035591125,0.2381870150566101,0,0,33.953025817871094,0,1
