0.967,30,29,41
B0,mixamorig_Hips,-1,0.9908443093299866,0.12228492647409439,0.057130198925733566,0,-0.1219768151640892,0.9924905896186829,-0.008849811740219593,0,-0.0577835887670517,0.001806199667043984,0.9983253479003906,0,8.801274299621582,159.904541015625,3.6007869243621826,1
B1,mixamorig_Spine,0,0.9995362758636475,-0.028608525171875954,-0.009851986542344093,0,0.02892705239355564,0.9989714622497559,0.034655891358852386,0,0.008859524503350258,-0.03493095934391022,0.999342679977417,0,0,15.77532958984375,-0.517041027545929,1
B2,mixamorig_Spine1,1,0.9992787837982178,-0.033946070820093155,-0.016431258991360664,0,0.034338973462581635,0.9991105794906616,0.024397484958171844,0,0.015589997172355652,-0.024951934814453125,0.9995587468147278,0,0,18.4144229888916,0,1
B3,mixamorig_Spine2,2,0.9989407658576965,-0.04370864853262901,-0.013704020529985428,0,0.04290992021560669,0.9976269006729126,-0.05381043255329132,0,0.016024021431803703,0.0531589649617672,0.9984488487243652,0,0,21.045076370239258,0,1
B4,mixamorig_Neck,3,0.998200535774231,-0.05991458520293236,-0.00043368805199861526,0,0.0598110593855381,0.9967585802078247,-0.053729623556137085,0,0.003649363527074456,0.05360575392842293,0.9985488057136536,0,0,23.675701141357422,0,1
B5,mixamorig_Head,4,0.9996922016143799,-0.008894349448382854,0.02076934650540352,0,0.009485925547778606,0.9994951486587524,-0.02983899787068367,0,-0.02048102207481861,0.029985472559928894,0.9992940425872803,0,0,18.886199951171875,2.2194950580596924,1
B6,mixamorig_HeadTop_End,5,1,0,0,0,0,1,0,0,0,0,1,0,0,46.124481201171875,5.420522212982178,1
B7,mixamorig_LeftShoulder,3,0.19350993633270264,0.10174213349819183,-0.9757168889045715,0,0.8419836163520813,-0.527618408203125,0.11197882145643234,0,-0.5034250617027283,-0.8433656692504883,-0.1877676248550415,0,9.035642623901367,19.706745147705078,-0.14443500339984894,1
B8,mixamorig_LeftArm,7,0.9489927887916565,-0.2749505937099457,-0.143843874335289,0,0.287984699010849,0.6094250679016113,0.7372790575027466,0,-0.11525431275367737,-0.7415463328361511,0.6600058078765869,0,0,19.80775260925293,0,1
B9,mixamorig_LeftForeArm,8,0.8912333846092224,0.4534459114074707,0.004927938338369131,0,-0.453468918800354,0.8911266326904297,0.0138846505433321,0,0.001906388089992106,-0.014609013684093952,0.9998912215232849,0,0,40.20950698852539,0,1
B10,mixamorig_LeftHand,9,0.6091665029525757,0.1290222555398941,-0.7824677228927612,0,0.059104789048433304,0.9753031134605408,0.2067423313856125,0,0.7899301052093506,-0.17216330766677856,0.5863708853721619,0,0,49.287017822265625,0,1
B11,mixamorig_LeftHandThumb1,10,0.6878557801246643,0.2829202711582184,-0.6684319972991943,0,-0.3469081223011017,0.9370481371879578,0.03963364660739899,0,0.6375800967216492,0.2046234905719757,0.7426990866661072,0,-5.663900852203369,6.149862766265869,0,1
B12,mixamorig_LeftHandThumb2,11,0.7924221754074097,-0.5290622115135193,0.30352118611335754,0,0.407838374376297,0.8296111226081848,0.3813040554523468,0,-0.4535531997680664,-0.1783861666917801,0.8731854557991028,0,0.07427600026130676,6.688110828399658,0,1
B13,mixamorig_LeftHandThumb3,12,0.7890663743019104,0.5910744667053223,-0.16572614014148712,0,-0.582237958908081,0.8061206340789795,0.10333700478076935,0,0.19500285387039185,0.014876899309456348,0.980611264705658,0,-1.9064329862594604,8.77306079864502,0,1
B14,mixamorig_LeftHandThumb4,13,1,0,0,0,0,1,0,0,0,0,1,0,1.832157015800476,7.4646477699279785,0,1
B15,mixamorig_LeftHandIndex1,10,0.9882331490516663,0.03442584350705147,-0.14901503920555115,0,-0.0009120245231315494,0.9756496548652649,0.2192808985710144,0,0.1529381275177002,-0.21656334400177002,0.9642012119293213,0,0,9.39650821685791,0,1
B16,mixamorig_LeftHandIndex2,15,0.9997575879096985,-0.021965736523270607,-0.00164316245354712,0,0.021483587101101875,0.9559112787246704,0.29286837577819824,0,-0.004862537607550621,-0.2928323745727539,0.9561512470245361,0,0.17730900645256042,11.760971069335938,0,1
B17,mixamorig_LeftHandIndex3,16,0.9993892908096313,0.03493364900350571,-0.0006653249729424715,0,-0.034809038043022156,0.9971119165420532,0.0674949437379837,0,0.0030213501304388046,-0.06742994487285614,0.9977191090583801,0,-0.2071390002965927,9.901514053344727,0,1
B18,mixamorig_LeftHandIndex4,17,1,0,0,0,0,1,0,0,0,0,1,0,0.029829999431967735,7.350320816040039,0,1
B19,mixamorig_RightShoulder,3,0.16038431227207184,0.00671594962477684,0.9870318174362183,0,-0.9176426529884338,-0.36734411120414734,0.15160812437534332,0,0.3635977804660797,-0.9300580620765686,-0.05275549739599228,0,-9.035642623901367,19.7058048248291,-0.11576300114393234,1
B20,mixamorig_RightArm,19,0.9770522713661194,-0.1642589420080185,0.1336326003074646,0,-0.0010262884898111224,0.6264685988426208,0.7791574001312256,0,-0.21154305338859558,-0.7614918351173401,0.6123263239860535,0,0,19.80775260925293,0,1
B21,mixamorig_RightForeArm,20,0.665191650390625,-0.7463690638542175,-0.011898752301931381,0,0.7464045882225037,0.6648541688919067,0.02318645268678665,0,-0.009403714910149574,-0.02430480159819126,0.9996604919433594,0,0,40.20464324951172,0,1
B22,mixamorig_RightHand,21,0.7423778772354126,-0.32728955149650574,0.5821590423583984,0,0.4892151355743408,0.8595119714736938,-0.13980194926261902,0,-0.4543471038341522,0.3902278244495392,0.800128161907196,0,0,49.27713394165039,0,1
B23,mixamorig_RightHandThumb1,22,0.8147038221359253,-0.44474443793296814,0.3718246519565582,0,0.34978100657463074,0.8885648846626282,0.2964366376399994,0,-0.4622572660446167,-0.11149278283119202,0.8796926736831665,0,5.415946006774902,6.281674861907959,0,1
B24,mixamorig_RightHandThumb2,23,0.900973379611969,0.42924827337265015,0.06224793568253517,0,-0.4128112494945526,0.8927170634269714,-0.18045979738235474,0,-0.1330350786447525,0.13696733117103577,0.9815633893013,0,-0.16221599280834198,6.633286952972412,0,1
B25,mixamorig_RightHandThumb3,24,0.7547764778137207,-0.6394718289375305,-0.14622031152248383,0,0.633185088634491,0.7684688568115234,-0.09233928471803665,0,0.17141816020011902,-0.022887706756591797,0.9849310517311096,0,1.8871899843215942,8.678451538085938,0,1
B26,mixamorig_RightHandThumb4,25,1,0,0,0,0,1,0,0,0,0,1,0,-1.7249749898910522,7.733068943023682,0,1
B27,mixamorig_RightHandIndex1,22,0.9968115091323853,-0.07612165063619614,-0.023572515696287155,0,0.0791325643658638,0.9807956218719482,0.17761385440826416,0,0.009550818242132664,-0.17891907691955566,0.9837020635604858,0,0,9.64711856842041,-9.999999974752427e-7,1
B28,mixamorig_RightHandIndex2,27,0.9997535943984985,0.02206149883568287,0.002333787502720952,0,-0.020764049142599106,0.8935051560401917,0.44857171177864075,0,0.007810687646269798,-0.44850969314575195,0.8937430381774902,0,-0.2138179987668991,12.176512718200684,0,1
B29,mixamorig_RightHandIndex3,28,0.998766303062439,-0.049171287566423416,-0.006973400246351957,0,0.04905775189399719,0.9549532532691956,0.29267096519470215,0,-0.00773208774626255,-0.2926519811153412,0.9561874866485596,0,0.17326200008392334,9.65501594543457,0,1
B30,mixamorig_RightHandIndex4,29,1,0,0,0,0,1,0,0,0,0,1,0,0.04055599868297577,6.9557600021362305,0,1
B31,mixamorig_LeftUpLeg,0,-0.9830119013786316,0.17805735766887665,0.04258260875940323,0,-0.15679480135440826,-0.9371176362037659,0.3093569874763489,0,0.09523244947195053,0.29745957255363464,0.9491201043128967,0,15.452430725097656,-8.73577880859375,0.11138299852609634,1
B32,mixamorig_LeftLeg,31,0.998131513595581,-0.028561733663082123,0.05099911242723465,0,0.049441490322351456,0.8820861577987671,-0.46822893619537354,0,-0.0316082164645195,0.4698791205883026,0.8818483352661133,0,0,68.6116943359375,0,1
B33,mixamorig_LeftFoot,32,0.9652835726737976,0.1793941706418991,0.18981413543224335,0,-0.24971012771129608,0.42072105407714844,0.8719608187675476,0,0.07660979777574539,-0.8890889883041382,0.4509161114692688,0,0,67.81954193115234,0,1
B34,mixamorig_LeftToeBase,33,0.9919472932815552,-0.006333731580525637,0.12647537887096405,0,-0.07186620682477951,0.7942355275154114,0.6032896637916565,0,-0.1042715460062027,-0.6075215339660645,0.7873850464820862,0,0,33.82291030883789,0,1
B35,mixamorig_LeftToe_End,34,1,0,0,0,0,1,0,0,0,0,1,0,0,12.724933624267578,0,1
B36,mixamorig_RightUpLeg,0,-0.9804311394691467,0.15645688772201538,-0.11802883446216583,0,-0.18532592058181763,-0.9325444102287292,0.304079532623291,0,-0.06353583931922913,0.3203054368495941,0.9434813857078552,0,-15.452430725097656,-8.73577880859375,-0.15540599822998047,1
B37,mixamorig_RightLeg,36,0.9898003935813904,0.0833146795630455,0.11431363970041275,0,0.07625319808721542,0.3665095865726471,-0.9272840023040771,0,-0.11915342509746552,0.9265440106391907,0.3564164638519287,0,0,68.59613800048828,0,1
B38,mixamorig_RightFoot,37,0.9439107179641724,-0.0587550587952137,-0.3226809501647949,0,0.2674780786037445,0.7091502547264099,0.6502038240432739,0,0.18937264382839203,-0.7011124491691589,0.6856895685195923,0,0,67.8037109375,0,1
B39,mixamorig_RightToeBase,38,0.962875485420227,0.1022496446967125,-0.2479427456855774,0,0.11254795640707016,0.6890416145324707,0.709129273891449,0,0.24304932355880737,-0.7108118534088135,0.6519683003425598,0,0,33.953025817871094,0,1
B40,mixamorig_RightToe_End,39,1,0,0,0,0,1,0,0,0,0,1,0,0,12.887110710144043,0,1
@34,0,1,2,3,4,5,7,8,9,10,11,12,13,15,16,17,19,20,21,22,23,24,25,27,28,29,31,32,33,34,36,37,38,39
K0.000,0.9809569716453552,-0.08517500013113022,-0.17454999685287476,0,0.08305499702692032,0.9963560104370117,-0.01942400075495243,0,0.17556799948215485,0.004556000232696533,0.9844570159912109,0,0.2489369958639145,161.4529266357422,-0.19137899577617645,1,0.9978929758071899,0.06277099996805191,0.01641399972140789,0,-0.06296999752521515,0.9979450106620789,0.011878999881446362,0,-0.01563500054180622,-0.012887000106275082,0.9997950196266174,0,0,15.77532958984375,-0.517041027545929,1,0.9991000294685364,0.012285999953746796,0.04058999940752983,0,-0.01344200037419796,0.9995080232620239,0.02833399921655655,0,-0.04022200033068657,-0.028853999450802803,0.998773992061615,0,0,18.4144229888916,0,1,0.9991949796676636,0.005123999901115894,0.03978399932384491,0,-0.0030849999748170376,0.9986860156059265,-0.05115500092506409,0,-0.039994001388549805,0.0509909987449646,0.9978979825973511,0,0,21.045076370239258,0,1,0.9996510148048401,-0.01664399914443493,0.020527999848127365,0,0.017169000580906868,0.9995229840278625,-0.02566000074148178,0,-0.02009199932217598,0.026002999395132065,0.999459981918335,0,0,23.675701141357422,0,1,0.9977390170097351,0.006990999914705753,0.06684999912977219,0,-0.005402000155299902,0.9996989965438843,-0.023910999298095703,0,-0.0669969990849495,0.023496000096201897,0.9974759817123413,0,0,18.886199951171875,2.2194950580596924,1,0.34467101097106934,0.13199500739574432,-0.9293969869613647,0,0.88406902551651,-0.3785400092601776,0.2740989923477173,0,-0.31563401222229004,-0.9161249995231628,-0.24716399610042572,0,9.035642623901367,19.706745147705078,-0.14443500339984894,1,0.9941669702529907,-0.10675600171089172,-0.015351000241935253,0,0.07420899718999863,0.5737900137901306,0.8156329989433289,0,-0.0782649964094162,-0.8120149970054626,0.5783650279045105,0,0,19.80775260925293,0,1,0.806065022945404,0.5917789936065674,0.007536000106483698,0,-0.591808021068573,0.8058750033378601,0.018120000138878822,0,0.004650000017136335,-0.01906600035727024,0.9998070001602173,0,0,40.20950698852539,0,1,0.7885559797286987,0.31685900688171387,-0.5270479917526245,0,-0.35067999362945557,0.9357290267944336,0.03787799924612045,0,0.5051760077476501,0.15495599806308746,0.8489909768104553,0,0,49.287017822265625,0,1,0.706853985786438,0.3477030098438263,-0.6160039901733398,0,-0.25614699721336365,0.9375659823417664,0.2352840006351471,0,0.6593530178070068,-0.0085230004042387,0.7517849802970886,0,-5.663900852203369,6.149862766265869,0,1,0.8737720251083374,-0.35464200377464294,0.33279499411582947,0,0.2878580093383789,0.9286800026893616,0.23386000096797943,0,-0.39199700951576233,-0.10854300111532211,0.9135410189628601,0,0.07427600026130676,6.688110828399658,0,1,0.8161759972572327,0.5507599711418152,-0.17469699680805206,0,-0.5437009930610657,0.8343939781188965,0.09041599929332733,0,0.19556400179862976,0.02118699997663498,0.9804620146751404,0,-1.9064329862594604,8.77306079864502,0,1,0.998304009437561,-0.05821999907493591,0.0002859999949578196,0,0.058143001049757004,0.9967089891433716,-0.05647600069642067,0,0.003003000048920512,0.05639699846506119,0.9984040260314941,0,0,9.39650821685791,0,1,0.9997550249099731,-0.022058000788092613,-0.0016499999910593033,0,0.021578999236226082,0.9561970233917236,0.2919270098209381,0,-0.004861999768763781,-0.29189199209213257,0.9564390182495117,0,0.17730900645256042,11.760971069335938,0,1,0.9993929862976074,0.03484300151467323,-0.000678999989759177,0,-0.034720998257398605,0.9971809983253479,0.06651400029659271,0,0.0029949999880045652,-0.06644999980926514,0.9977849721908569,0,-0.2071390002965927,9.901514053344727,0,1,0.07651899755001068,0.01408500038087368,0.9969689846038818,0,-0.8835139870643616,-0.4624660015106201,0.07434500008821487,0,0.4621120095252991,-0.8865249752998352,-0.022942999377846718,0,-9.035642623901367,19.7058048248291,-0.11576300114393234,1,0.9152050018310547,0.21084600687026978,0.34342899918556213,0,-0.39925700426101685,0.5900999903678894,0.7016940116882324,0,-0.054708000272512436,-0.7793110013008118,0.6242449879646301,0,0,19.80775260925293,0,1,0.843392014503479,-0.5372610092163086,-0.00636299978941679,0,0.5372869968414307,0.8432340025901794,0.016690999269485474,0,-0.003601999953389168,-0.01749500073492527,0.9998400211334229,0,0,40.20464324951172,0,1,0.7952280044555664,-0.15487299859523773,0.586197018623352,0,0.09675099700689316,0.9868509769439697,0.1294739991426468,0,-0.5985410213470459,-0.046247001737356186,0.7997559905052185,0,0,49.27713394165039,0,1,0.8473899960517883,-0.39046600461006165,0.3598160147666931,0,0.32670700550079346,0.9176170229911804,0.22636500000953674,0,-0.41856101155281067,-0.0742650032043457,0.9051470160484314,0,5.415946006774902,6.281674861907959,0,1,0.9006789922714233,0.42224401235580444,0.10240700095891953,0,-0.404774010181427,0.9011110067367554,-0.1554269939661026,0,-0.15790900588035583,0.09853799641132355,0.9825249910354614,0,-0.16221599280834198,6.633286952972412,0,1,0.760869026184082,-0.6306220293045044,-0.15295299887657166,0,0.6251239776611328,0.7755590081214905,-0.08791100233793259,0,0.17406199872493744,-0.0287260003387928,0.9843159914016724,0,1.8871899843215942,8.678451538085938,0,1,0.9979400038719177,-0.06032099947333336,-0.02185400016605854,0,0.063291996717453,0.9813709855079651,0.18140000104904175,0,0.01050500012934208,-0.18240900337696075,0.9831669926643372,0,0,9.64711856842041,0,1,0.9997599720954895,0.021771999076008797,0.0022869999520480633,0,-0.020447000861167908,0.8912870287895203,0.4529779851436615,0,0.007823999971151352,-0.4529159963130951,0.8915190100669861,0,-0.2138179987668991,12.176512718200684,0,1,0.998753011226654,-0.049414001405239105,-0.007127999793738127,0,0.04929700121283531,0.9534850120544434,0.29738399386405945,0,-0.007899000309407711,-0.2973639965057373,0.9547309875488281,0,0.17326200008392334,9.65501594543457,0,1,-0.9963260293006897,-0.08562500029802322,0.0014149999478831887,0,0.07791999727487564,-0.8995680212974548,0.4297739863395691,0,-0.03552599996328354,0.4283060133457184,0.9029350280761719,0,15.452430725097656,-8.73577880859375,0.11138299852609634,1,0.9966009855270386,0.05119200050830841,-0.06454099714756012,0,-0.07821200042963028,0.34199899435043335,-0.9364399909973145,0,-0.02586499974131584,0.9383050203323364,0.34484100341796875,0,0,68.6116943359375,0,1,0.9782609939575195,0.10357200354337692,0.17966300249099731,0,-0.20637400448322296,0.5713620185852051,0.7943270206451416,0,-0.020383000373840332,-0.8141369819641113,0.5803149938583374,0,0,67.81954193115234,0,1,0.978659987449646,-0.059810999780893326,0.1965869963169098,0,-0.07229200005531311,0.7953220009803772,0.6018610000610352,0,-0.19234800338745117,-0.6032289862632751,0.7740259766578674,0,0,33.82291030883789,0,1,-0.9639120101928711,-0.18543599545955658,-0.19101299345493317,0,0.14587900042533875,-0.9681059718132019,0.20369000732898712,0,-0.22269299626350403,0.16847500205039978,0.960220992565155,0,-15.452430725097656,-8.73577880859375,-0.15540599822998047,1,0.999629020690918,0.016161000356078148,0.02194499969482422,0,-0.005644000135362148,0.9105110168457031,-0.41344600915908813,0,-0.026662999764084816,0.4131680130958557,0.9102640151977539,0,0,68.59613800048828,0,1,0.9423890113830566,-0.1584700047969818,-0.2946000099182129,0,0.3330270051956177,0.36140599846839905,0.8709070086479187,0,-0.03154199942946434,-0.9188429713249207,0.3933599889278412,0,0,67.8037109375,0,1,0.9923989772796631,0.006144000217318535,-0.12291199713945389,0,0.06960199773311615,0.7956519722938538,0.6017420291900635,0,0.1014920026063919,-0.6057230234146118,0.7891759872436523,0,0,33.953025817871094,0,1
K0.033,0.9870040416717529,-0.06360876560211182,-0.14757157862186432,0,0.06423778086900711,0.9979339838027954,-0.000502796086948365,0,0.14729858934879303,-0.00898315291851759,0.9890510439872742,0,0.6756784915924072,162.16934204101562,-0.47517141699790955,1,0.9986649751663208,0.05126386508345604,0.006312895566225052,0,-0.05129886418581009,0.9986680150032043,0.005610920954495668,0,-0.006016899365931749,-0.0059279161505401134,0.9999639987945557,0,0,15.77532958984375,-0.517041027545929,1,0.999750018119812,0.003740960033610463,0.022055791690945625,0,-0.004246955271810293,0.9997280240058899,0.022946977987885475,0,-0.02196379378437996,-0.023034976795315742,0.9994930028915405,0,0,18.4144229888916,0,1,0.999754011631012,-0.004444049205631018,0.021739795804023743,0,0.005656038410961628,0.9984139800071716,-0.05601801723241806,0,-0.021456792950630188,0.05612701550126076,0.9981930255889893,0,0,21.045076370239258,0,1,0.9996569752693176,-0.012358061969280243,0.023079991340637207,0,0.012774062342941761,0.9997569918632507,-0.01798103377223015,0,-0.022851990535855293,0.018270034343004227,0.9995719790458679,0,0,23.675701141357422,0,1,0.9971330165863037,0.01523201260715723,0.07411704212427139,0,-0.014698020182549953,0.999862015247345,-0.007744906470179558,0,-0.0742250457406044,0.00663390476256609,0.9972190260887146,0,0,18.886199951171875,2.2194950580596924,1,0.3458067774772644,0.12911993265151978,-0.9293790459632874,0,0.8797269463539124,-0.38910430669784546,0.273273766040802,0,-0.32634034752845764,-0.9120998978614807,-0.2481449395418167,0,9.035642623901367,19.706745147705078,-0.14443500339984894,1,0.9829497337341309,-0.18030089139938354,-0.03606921434402466,0,0.12995769083499908,0.5424548983573914,0.829971969127655,0,-0.13007861375808716,-0.820507824420929,0.5566381216049194,0,0,19.80775260925293,0,1,0.8417220711708069,0.5398728847503662,0.00644399831071496,0,-0.5398998856544495,0.8415670394897461,0.016530996188521385,0,0.003501997794955969,-0.017392996698617935,0.9998430013656616,0,0,40.20950698852539,0,1,0.7638301849365234,0.26687273383140564,-0.5876580476760864,0,-0.2022620290517807,0.9636208415031433,0.1747094839811325,0,0.6129052042961121,-0.014588014222681522,0.7900215983390808,0,0,49.287017822265625,0,1,0.71266108751297,0.3089185953140259,-0.6298280954360962,0,-0.25718799233436584,0.9503611326217651,0.17512135207653046,0,0.652661919593811,0.03718148171901703,0.7567359805107117,0,-5.663900852203369,6.149862766265869,0,1,0.9335400462150574,-0.27344462275505066,0.2317987084388733,0,0.22001370787620544,0.9475705623626709,0.23173968493938446,0,-0.28301411867141724,-0.165339857339859,0.9447570443153381,0,0.07427600026130676,6.688110828399658,0,1,0.7218734622001648,0.6510244607925415,-0.23466117680072784,0,-0.6533045172691345,0.7529435157775879,0.07918506860733032,0,0.2282380908727646,0.09614323824644089,0.9688469171524048,0,-1.9064329862594604,8.77306079864502,0,1,0.9982219934463501,-0.056396983563899994,-0.019282223656773567,0,0.05645500123500824,0.9984019994735718,0.0025103220250457525,0,0.019109204411506653,-0.0035943337716162205,0.9998109936714172,0,0,9.39650821685791,0,1,0.999763011932373,-0.021720997989177704,-0.0016239999094977975,0,0.0212319977581501,0.9551500082015991,0.2953610420227051,0,-0.004863999783992767,-0.29532602429389954,0.9553840160369873,0,0.17730900645256042,11.760971069335938,0,1,0.9993810057640076,0.03517500311136246,-0.0006279997178353369,0,-0.03504500538110733,0.9969239830970764,0.07009802013635635,0,0.003092000726610422,-0.0700320228934288,0.9975399971008301,0,-0.2071390002965927,9.901514053344727,0,1,0.0821591466665268,0.014162990264594555,0.9965190291404724,0,-0.8823491334915161,-0.46385976672172546,0.07933913171291351,0,0.463367760181427,-0.8857951164245605,-0.025614053010940552,0,-9.035642623901367,19.7058048248291,-0.11576300114393234,1,0.9510072469711304,0.171254500746727,0.25740620493888855,0,-0.3071790337562561,0.6177140474319458,0.7239272594451904,0,-0.03502684086561203,-0.7675290107727051,0.6400560140609741,0,0,19.80775260925293,0,1,0.8350419402122498,-0.5501470565795898,-0.006623001303523779,0,0.5501730442047119,0.8348759412765503,0.017090002074837685,0,-0.00387300131842494,-0.017914002761244774,0.9998319745063782,0,0,40.20464324951172,0,1,0.7885570526123047,-0.12060476839542389,0.6030189394950867,0,0.07228881120681763,0.9919610023498535,0.10386186838150024,0,-0.6106979250907898,-0.038310009986162186,0.790937066078186,0,0,49.27713394165039,0,1,0.848038911819458,-0.3917461335659027,0.3568820059299469,0,0.3311830759048462,0.9175179600715637,0.22018007934093475,0,-0.41370004415512085,-0.06852800399065018,0.907829999923706,0,5.415946006774902,6.281674861907959,0,1,0.900160014629364,0.4251830279827118,0.09450987726449966,0,-0.4089970290660858,0.899740993976593,-0.15227700769901276,0,-0.14977990090847015,0.09841907024383545,0.9838089942932129,0,-0.16221599280834198,6.633286952972412,0,1,0.7587230205535889,-0.6337739825248718,-0.15056899189949036,0,0.6279879808425903,0.7730590105056763,-0.08949901163578033,0,0.17312099039554596,-0.026650981977581978,0.9845399856567383,0,1.8871899843215942,8.678451538085938,0,1,0.9974989891052246,-0.06673605740070343,-0.02327701635658741,0,0.06988506764173508,0.9804959893226624,0.18369203805923462,0,0.010564002208411694,-0.184859037399292,0.9827079772949219,0,0,9.64711856842041,0,1,0.9997609853744507,0.02175699919462204,0.00228500016964972,0,-0.020430000498890877,0.8911679983139038,0.45321300625801086,0,0.007823999971151352,-0.45315098762512207,0.8913990259170532,0,-0.2138179987668991,12.176512718200684,0,1,0.9987519979476929,-0.04942699894309044,-0.007135999388992786,0,0.049309998750686646,0.9534050226211548,0.2976360023021698,0,-0.00790799967944622,-0.29761698842048645,0.9546530246734619,0,0.17326200008392334,9.65501594543457,0,1,-0.9988179802894592,-0.04482472315430641,-0.01879308931529522,0,0.029294699430465698,-0.8637117743492126,0.5031344294548035,0,-0.0387849397957325,0.5019884705543518,0.8640037178993225,0,15.452430725097656,-8.73577880859375,0.11138299852609634,1,0.9960039854049683,0.08302608132362366,-0.032910607755184174,0,-0.06681782752275467,0.44821444153785706,-0.8914251327514648,0,-0.059260182082653046,0.8900620937347412,0.4519704282283783,0,0,68.6116943359375,0,1,0.9804589748382568,0.05916892737150192,0.1876160353422165,0,-0.19019700586795807,0.5287468433380127,0.8271951079368591,0,-0.05025703087449074,-0.8467150926589966,0.5296677350997925,0,0,67.81954193115234,0,1,0.9851150512695312,-0.03712163120508194,0.16784049570560455,0,-0.0748119205236435,0.7864943742752075,0.6130495071411133,0,-0.15476341545581818,-0.6164805293083191,0.7720104455947876,0,0,33.82291030883789,0,1,-0.9656850099563599,-0.1618206650018692,-0.20314209163188934,0,0.13202175498008728,-0.9794291257858276,0.1526065170764923,0,-0.2236579954624176,0.12055058032274246,0.9671840667724609,0,-15.452430725097656,-8.73577880859375,-0.15540599822998047,1,0.9996669888496399,0.010116031393408775,0.023749202489852905,0,0.00032205230672843754,0.9150570034980774,-0.4033239781856537,0,-0.025811199098825455,0.40319696068763733,0.914749026298523,0,0,68.59613800048828,0,1,0.9539291262626648,-0.1488679200410843,-0.2604946196079254,0,0.29640358686447144,0.33298754692077637,0.8951333165168762,0,-0.046515196561813354,-0.9311061501502991,0.36177152395248413,0,0,67.8037109375,0,1,0.9924269914627075,0.005992993246763945,-0.12268799543380737,0,0.06947199255228043,0.796328067779541,0.6008619666099548,0,0.10130099207162857,-0.6048349142074585,0.7898810505867004,0,0,33.953025817871094,0,1
K0.067,0.9935159683227539,-0.04044723138213158,-0.10625240951776505,0,0.0427912138402462,0.998885989189148,0.019872797653079033,0,0.10532941669225693,-0.024290846660733223,0.9941409230232239,0,1.2242815494537354,162.01937866210938,-0.8165826201438904,1,0.9992759823799133,0.037809133529663086,-0.004128896165639162,0,-0.03781813383102417,0.9992820024490356,-0.0023129212204366922,0,0.004037899896502495,0.00246691657230258,0.9999889731407166,0,0,15.77532958984375,-0.517041027545929,1,0.9999989867210388,-0.0002579602296464145,0.0012232071021571755,0,0.00023195549147203565,0.9997850060462952,0.02075602300465107,0,-0.001228206092491746,-0.02075602300465107,0.999783992767334,0,0,18.4144229888916,0,1,0.9999549984931946,-0.009394950233399868,0.001303203171119094,0,0.009454961866140366,0.9982860088348389,-0.05776398256421089,0,-0.0007582057151012123,0.057772986590862274,0.9983289837837219,0,0,21.045076370239258,0,1,0.9995800256729126,-0.01857093907892704,0.022240007296204567,0,0.019044939428567886,0.9995920062065125,-0.021293966099619865,0,-0.02183600887656212,0.02170896716415882,0.9995260238647461,0,0,23.675701141357422,0,1,0.9967780113220215,0.016539987176656723,0.07848595827817917,0,-0.016716979444026947,0.9998589754104614,0.0016029070829972625,0,-0.07844895869493484,-0.0029099052771925926,0.9969140291213989,0,0,18.886199951171875,2.2194950580596924,1,0.32566720247268677,0.1214870736002922,-0.9376469254493713,0,0.8735870718955994,-0.4179877042770386,0.24926124513149261,0,-0.36164364218711853,-0.9002931118011475,-0.24225406348705292,0,9.035642623901367,19.706745147705078,-0.14443500339984894,1,0.9612972140312195,-0.26937609910964966,-0.05782778561115265,0,0.19887831807136536,0.5331981182098389,0.822282075881958,0,-0.19066940248012543,-0.8019582033157349,0.5661348700523376,0,0,19.80775260925293,0,1,0.8478729128837585,0.5301631093025208,0.00625500176101923,0,-0.5301890969276428,0.8477239608764648,0.016234003007411957,0,0.0033040018752217293,-0.01708100363612175,0.9998490214347839,0,0,40.20950698852539,0,1,0.6792818307876587,0.24041926860809326,-0.6933789253234863,0,-0.005175958853214979,0.9463621973991394,0.32306554913520813,0,0.7338588237762451,-0.21586400270462036,0.6440904140472412,0,0,49.287017822265625,0,1,0.7180389165878296,0.2661174237728119,-0.6431188583374023,0,-0.25655001401901245,0.9601518511772156,0.11086563766002655,0,0.6469950675964355,0.08538652211427689,0.7576979994773865,0,-5.663900852203369,6.149862766265869,0,1,0.9366799592971802,-0.335132360458374,0.10157229751348495,0,0.29218629002571106,0.9078184366226196,0.30082032084465027,0,-0.1930238902568817,-0.25209513306617737,0.9482559561729431,0,0.07427600026130676,6.688110828399658,0,1,0.669251561164856,0.698882520198822,-0.2523208260536194,0,-0.7039635181427002,0.705049455165863,0.08567792922258377,0,0.23777690529823303,0.12028475850820541,0.963843047618866,0,-1.9064329862594604,8.77306079864502,0,1,0.9976149797439575,-0.055085014551877975,-0.04159277677536011,0,0.05654099956154823,0.9977980256080627,0.034686680883169174,0,0.03959079459309578,-0.03695566952228546,0.9985319972038269,0,0,9.39650821685791,0,1,0.999767005443573,-0.02151600271463394,-0.0016090001445263624,0,0.02102000266313553,0.954505980014801,0.2974509596824646,0,-0.004863999783992767,-0.29741495847702026,0.9547359943389893,0,0.17730900645256042,11.760971069335938,0,1,0.9993739724159241,0.03537699580192566,-0.0005970002966932952,0,-0.0352419950067997,0.9967619776725769,0.07227697968482971,0,0.003151999320834875,-0.07221097499132156,0.9973840117454529,0,-0.2071390002965927,9.901514053344727,0,1,0.09708685427904129,0.013273008167743683,0.995186984539032,0,-0.8936008810997009,-0.4391142427921295,0.09303286671638489,0,0.4382362365722656,-0.8983328938484192,-0.030771948397159576,0,-9.035642623901367,19.7058048248291,-0.11576300114393234,1,0.9769917726516724,0.12118349969387054,0.17550282180309296,0,-0.2124229371547699,0.6264459490776062,0.7499607801437378,0,-0.019060159102082253,-0.7699869871139526,0.6377750039100647,0,0,19.80775260925293,0,1,0.830517053604126,-0.5569519400596619,-0.006762998644262552,0,0.5569789409637451,0.8303460478782654,0.017301999032497406,0,-0.004019998479634523,-0.018135998398065567,0.9998270273208618,0,0,40.20464324951172,0,1,0.7950889468193054,-0.09739123284816742,0.5986220836639404,0,0.05385618284344673,0.9944609999656677,0.09026013314723969,0,-0.6040970683097839,-0.039525989443063736,0.7959299683570862,0,0,49.27713394165039,0,1,0.8424230813980103,-0.40389788150787354,0.35663700103759766,0,0.3411899209022522,0.912151038646698,0.22709092497825623,0,-0.4170289635658264,-0.06962499022483826,0.9062229990959167,0,5.415946006774902,6.281674861907959,0,1,0.9002990126609802,0.4273909628391266,0.0824541226029396,0,-0.41213998198509216,0.8979510068893433,-0.15435399115085602,0,-0.1400091052055359,0.1049819365143776,0.9845690131187439,0,-0.16221599280834198,6.633286952972412,0,1,0.7567890286445618,-0.6365829706192017,-0.14843201637268066,0,0.6305469870567322,0.77080899477005,-0.09090498834848404,0,0.17228201031684875,-0.024797018617391586,0.9847360253334045,0,1.8871899843215942,8.678451538085938,0,1,0.9970170259475708,-0.07302694022655487,-0.02497498318552971,0,0.07642793655395508,0.9792460203170776,0.18771494925022125,0,0.010748998261988163,-0.1890629529953003,0.981905996799469,0,0,9.64711856842041,0,1,0.9997590184211731,0.0218339990824461,0.0022969997953623533,0,-0.020514000207185745,0.8917639851570129,0.4520359933376312,0,0.007821000181138515,-0.4519740045070648,0.8919969797134399,0,-0.2138179987668991,12.176512718200684,0,1,0.9987559914588928,-0.04936299845576286,-0.007094000466167927,0,0.04924599826335907,0.9538009762763977,0.29637598991394043,0,-0.00786300003528595,-0.29635700583457947,0.9550449848175049,0,0.17326200008392334,9.65501594543457,0,1,-0.9994630217552185,-0.01734127290546894,-0.02779391035437584,0,-0.0006947019137442112,-0.8369942307472229,0.5472105741500854,0,-0.03275305777788162,0.546936571598053,0.8365333080291748,0,15.452430725097656,-8.73577880859375,0.11138299852609634,1,0.9957799911499023,0.09156091511249542,0.006262610666453838,0,-0.04943717271089554,0.5926405787467957,-0.8039488792419434,0,-0.07732181996107101,0.8002458810806274,0.5946655869483948,0,0,68.6116943359375,0,1,0.9802060127258301,0.051990069448947906,0.19103096425533295,0,-0.190652996301651,0.5079461932182312,0.8400248885154724,0,-0.053360968828201294,-0.8598178625106812,0.5078042149543762,0,0,67.81954193115234,0,1,0.9930879473686218,-0.0002903660642914474,0.11736950278282166,0,-0.0668460801243782,0.8205676674842834,0.567627489566803,0,-0.09647458046674728,-0.5715494155883789,0.8148765563964844,0,0,33.82291030883789,0,1,-0.968638002872467,-0.12859933078289032,-0.21261091530323029,0,0.10817223787307739,-0.9885588884353638,0.10511446744203568,0,-0.2236970067024231,0.07881941646337509,0.9714669585227966,0,-15.452430725097656,-8.73577880859375,-0.15540599822998047,1,0.9989370107650757,0.013292968273162842,0.044127799570560455,0,0.005548947956413031,0.9158430099487305,-0.4014970362186432,0,-0.045750804245471954,0.4013160169124603,0.914795994758606,0,0,68.59613800048828,0,1,0.9648329019546509,-0.14106707274913788,-0.22180338203907013,0,0.25434643030166626,0.2879594564437866,0.9232487082481384,0,-0.06636980921030045,-0.947195827960968,0.313712477684021,0,0,67.8037109375,0,1,0.9925550222396851,0.005316006485372782,-0.12168000638484955,0,0.06889300793409348,0.7993539571762085,0.5968970656394958,0,0.10043800622224808,-0.6008360385894775,0.793036937713623,0,0,33.953025817871094,0,1
K0.100,0.9982380270957947,-0.014829001389443874,-0.05744900554418564,0,0.016961002722382545,0.9991779923439026,0.03680599853396416,0,0.056856002658605576,-0.03771600127220154,0.9976699948310852,0,1.854293942451477,161.38232421875,-1.0517909526824951,1,0.999576985836029,0.02655700035393238,-0.011885999701917171,0,-0.026659000664949417,0.9996079802513123,-0.008515999652445316,0,0.011655000038444996,0.008829000405967236,0.9998930096626282,0,0,15.77532958984375,-0.517041027545929,1,0.9998570084571838,-0.008554000407457352,-0.014553999528288841,0,0.008826999925076962,0.9997850060462952,0.01877499930560589,0,0.014389999210834503,-0.018900999799370766,0.9997180104255676,0,0,18.4144229888916,0,1,0.9997329711914062,-0.018245000392198563,-0.014149999246001244,0,0.01737299934029579,0.9980769753456116,-0.05949699878692627,0,0.015207999385893345,0.05923499912023544,0.9981279969215393,0,0,21.045076370239258,0,1,0.9994969964027405,-0.02550799958407879,0.01885800063610077,0,0.026027999818325043,0.9992719888687134,-0.027884000912308693,0,-0.018132999539375305,0.028359999880194664,0.9994329810142517,0,0,23.675701141357422,0,1,0.9973610043525696,0.013481000438332558,0.07133399695158005,0,-0.013775999657809734,0.9998980164527893,0.003640000009909272,0,-0.07127700001001358,-0.004614000208675861,0.9974460005760193,0,0,18.886199951171875,2.2194950580596924,1,0.27587100863456726,0.11567799746990204,-0.9542080163955688,0,0.8729749917984009,-0.4456070065498352,0.1983650028705597,0,-0.4022560119628906,-0.8877230286598206,-0.2239149957895279,0,9.035642623901367,19.706745147705078,-0.14443500339984894,1,0.9323660135269165,-0.35281801223754883,-0.07882300019264221,0,0.26854801177978516,0.5299680233001709,0.804373025894165,0,-0.2420240044593811,-0.7711380124092102,0.5888720154762268,0,0,19.80775260925293,0,1,0.8479480147361755,0.5300430059432983,0.006252999883145094,0,-0.5300689935684204,0.8477990031242371,0.01623000018298626,0,0.0033009999897331,-0.017077000811696053,0.9998490214347839,0,0,40.20950698852539,0,1,0.5515609979629517,0.23231500387191772,-0.801131010055542,0,0.19778098165988922,0.8966209888458252,0.39617401361465454,0,0.8103479743003845,-0.3769629895687103,0.44859299063682556,0,0,49.287017822265625,0,1,0.7212399840354919,0.22787299752235413,-0.6541309952735901,0,-0.2569909989833832,0.9649699926376343,0.052800003439188004,0,0.643248975276947,0.1300240010023117,0.754535973072052,0,-5.663900852203369,6.149862766265869,0,1,0.910381019115448,-0.4000140130519867,0.10580399632453918,0,0.35149499773979187,0.8825629949569702,0.3123050034046173,0,-0.21830500662326813,-0.2471269965171814,0.9440720081329346,0,0.07427600026130676,6.688110828399658,0,1,0.6488779783248901,0.7108349800109863,-0.27142399549484253,0,-0.7200459837913513,0.6889529824256897,0.0829320028424263,0,0.24594900012016296,0.14162500202655792,0.9588800072669983,0,-1.9064329862594604,8.77306079864502,0,1,0.9965490102767944,-0.050345998257398605,-0.06599800288677216,0,0.04980900138616562,0.9987109899520874,-0.009756998158991337,0,0.06640399992465973,0.006435998249799013,0.9977719783782959,0,0,9.39650821685791,0,1,0.9997789859771729,-0.020966000854969025,-0.0015640000347048044,0,0.020455000922083855,0.9527609944343567,0.3030320107936859,0,-0.004863000009208918,-0.30299699306488037,0.9529790282249451,0,0.17730900645256042,11.760971069335938,0,1,0.9993550181388855,0.03591800108551979,-0.0005109999910928309,0,-0.03576799854636192,0.9963030219078064,0.07811299711465836,0,0.0033140000887215137,-0.07804500311613083,0.996944010257721,0,-0.2071390002965927,9.901514053344727,0,1,0.12463299930095673,0.011660000309348106,0.9921339750289917,0,-0.9024800062179565,-0.4141860008239746,0.11823900043964386,0,0.4123069941997528,-0.910116970539093,-0.041099000722169876,0,-9.035642623901367,19.7058048248291,-0.11576300114393234,1,0.9920979738235474,0.05939600244164467,0.11051300168037415,0,-0.12318100780248642,0.6283810138702393,0.7680910229682922,0,-0.023823000490665436,-0.7756350040435791,0.630731999874115,0,0,19.80775260925293,0,1,0.8292520046234131,-0.5588340163230896,-0.006802000105381012,0,0.5588600039482117,0.8290799856185913,0.01735999993979931,0,-0.004062000196427107,-0.018198000267148018,0.9998260140419006,0,0,40.20464324951172,0,1,0.813755989074707,-0.09121199697256088,0.5740050077438354,0,0.04736600071191788,0.9947310090065002,0.09091699868440628,0,-0.579272985458374,-0.04679600149393082,0.8137890100479126,0,0,49.27713394165039,0,1,0.833387017250061,-0.4223569929599762,0.35648399591445923,0,0.356018990278244,0.9035930037498474,0.23826199769973755,0,-0.42274799942970276,-0.07164999842643738,0.903410017490387,0,5.415946006774902,6.281674861907959,0,1,0.8998249769210815,0.4305709898471832,0.07016400247812271,0,-0.41630399227142334,0.895579993724823,-0.15693099796772003,0,-0.13040700554847717,0.11200100183486938,0.9851139783859253,0,-0.16221599280834198,6.633286952972412,0,1,0.75519198179245,-0.6388840079307556,-0.14667299389839172,0,0.6326460242271423,0.7689509987831116,-0.09205000102519989,0,0.17159399390220642,-0.023276999592781067,0.9848930239677429,0,1.8871899843215942,8.678451538085938,0,1,0.9966480135917664,-0.07716500014066696,-0.027173999696969986,0,0.08101899921894073,0.9770470261573792,0.19701600074768066,0,0.011347999796271324,-0.1985580027103424,0.980023980140686,0,0,9.64711856842041,0,1,0.999754011631012,0.022041000425815582,0.0023300000466406345,0,-0.020741000771522522,0.8933510184288025,0.44887998700141907,0,0.0078119998797774315,-0.44881799817085266,0.8935890197753906,0,-0.2138179987668991,12.176512718200684,0,1,0.9987649917602539,-0.049187999218702316,-0.006984000094234943,0,0.04907400161027908,0.9548519849777222,0.2930000126361847,0,-0.00774399982765317,-0.29297998547554016,0.9560869932174683,0,0.17326200008392334,9.65501594543457,0,1,-0.9997850060462952,0.007572999224066734,-0.01928200013935566,0,-0.017249999567866325,-0.8197339773178101,0.572484016418457,0,-0.011471000500023365,0.5726940035820007,0.8196889758110046,0,15.452430725097656,-8.73577880859375,0.11138299852609634,1,0.9961370229721069,0.07819800078868866,0.03995199874043465,0,-0.03148899972438812,0.7428110241889954,-0.6687600016593933,0,-0.08197200298309326,0.6649190187454224,0.7424039840698242,0,0,68.6116943359375,0,1,0.9790509939193726,0.06964799761772156,0.19133299589157104,0,-0.20033499598503113,0.4974929988384247,0.8440179824829102,0,-0.036403000354766846,-0.8646669983863831,0.5010240077972412,0,0,67.81954193115234,0,1,0.9930469989776611,-0.0005089999758638442,0.11771699786186218,0,-0.0670280009508133,0.8196089863777161,0.5689889788627625,0,-0.0967710018157959,-0.5729230046272278,0.8138759732246399,0,0,33.82291030883789,0,1,-0.9701709747314453,-0.08765000104904175,-0.22602300345897675,0,0.07797600328922272,-0.9956290125846863,0.051399003714323044,0,-0.22954100370407104,0.03224100545048714,0.9727650284767151,0,-15.452430725097656,-8.73577880859375,-0.15540599822998047,1,0.9946020245552063,0.024847999215126038,0.10074400156736374,0,0.01689700037240982,0.919160008430481,-0.3935230076313019,0,-0.10237900167703629,0.3931010067462921,0.9137780070304871,0,0,68.59613800048828,0,1,0.96697598695755,-0.12712499499320984,-0.22089999914169312,0,0.24604399502277374,0.23953799903392792,0.9391930103302002,0,-0.06648000329732895,-0.9625279903411865,0.2629059851169586,0,0,67.8037109375,0,1,0.992563009262085,0.005274000111967325,-0.12161599844694138,0,0.06885699927806854,0.7995449900627136,0.5966460108757019,0,0.10038399696350098,-0.600583016872406,0.7932360172271729,0,0,33.953025817871094,0,1
