3.167,30,95,41
B0,mixamorig_Hips,-1,0.9999374151229858,-0.011212113313376904,-0.0002446092548780143,0,0.011214212514460087,0.9997576475143433,0.01882225088775158,0,0.00003442464367253706,-0.018824350088834763,0.9998208284378052,0,-13.357999801635742,164.0662384033203,11.405311584472656,1
B1,mixamorig_Spine,0,0.9999873638153076,0.0038645167369395494,-0.0032804955262690783,0,-0.003971784841269255,0.9994391202926636,-0.03325146809220314,0,0.0031504244543612003,0.03326410427689552,0.9994417428970337,0,0,15.77532958984375,-0.517041027545929,1
B2,mixamorig_Spine1,1,0.9999412298202515,0.008712658658623695,-0.006412947550415993,0,-0.008719193749129772,0.9999611973762512,-0.00097993528470397,0,0.006404510699212551,0.0010361045133322477,0.9999787211418152,0,0,18.4144229888916,0,1
B3,mixamorig_Spine2,2,0.9999412298202515,0.008712658658623695,-0.006412947550415993,0,-0.008719193749129772,0.9999611973762512,-0.00097993528470397,0,0.006404510699212551,0.0010361045133322477,0.9999787211418152,0,0,21.045076370239258,0,1
B4,mixamorig_Neck,3,0.9977178573608398,-0.03572821989655495,-0.05729255825281143,0,0.049329619854688644,0.9650964140892029,0.2572042644023895,0,0.04610348865389824,-0.25944384932518005,0.9646563529968262,0,0,23.675701141357422,0,1
B5,mixamorig_Head,4,0.9936159253120422,0.07088784873485565,0.08775204420089722,0,-0.053144603967666626,0.9803134799003601,-0.19013868272304535,0,-0.09950630366802216,0.18426081538200378,0.9778237342834473,0,0,18.886199951171875,2.2194950580596924,1
B6,mixamorig_HeadTop_End,5,1,0,0,0,0,1,0,0,0,0,1,0,0,46.124481201171875,5.420522212982178,1
B7,mixamorig_LeftShoulder,3,-0.004659218247979879,0.04253797605633736,-0.9990842342376709,0,0.9008318781852722,-0.43357282876968384,-0.022660983726382256,0,-0.4341394305229187,-0.9001121520996094,-0.03629884868860245,0,9.035642623901367,19.706745147705078,-0.14443500339984894,1
B8,mixamorig_LeftArm,7,0.7705392837524414,0.4314887821674347,-0.4689016044139862,0,0.066395603120327,0.6775438189506531,0.7324618101119995,0,0.633743405342102,-0.5955613851547241,0.4934045076370239,0,0,19.80775260925293,0,1
B9,mixamorig_LeftForeArm,8,0.8934186100959778,0.44568485021591187,0.05626230686903,0,-0.44617173075675964,0.8949350714683533,-0.004272507969290018,0,-0.05225510522723198,-0.021285612136125565,0.9984068870544434,0,0,40.20950698852539,0,1
B10,mixamorig_LeftHand,9,0.9926891326904297,0.08341222256422043,-0.07599996030330658,0,-0.09675932675600052,0.9771519899368286,-0.18559007346630096,0,0.058222874999046326,0.1926322877407074,0.979033350944519,0,0,49.287017822265625,0,1
B11,mixamorig_LeftHandThumb1,10,0.7594996690750122,0.6369352340698242,-0.12519215047359467,0,-0.6170263886451721,0.7682791948318481,0.16487754881381989,0,0.201432466506958,-0.04855664446949959,0.9782220721244812,0,-5.663900852203369,6.149862766265869,0,1
B12,mixamorig_LeftHandThumb2,11,0.8880558609962463,-0.4417242109775543,0.12740634381771088,0,0.4160052239894867,0.8900771737098694,0.18627268075942993,0,-0.19568513333797455,-0.11241757869720459,0.9742011427879333,0,0.07427600026130676,6.688110828399658,0,1
B13,mixamorig_LeftHandThumb3,12,0.898402988910675,0.43916264176368713,0.002959999954327941,0,-0.43916264176368713,0.898406982421875,-0.0007259999983943999,0,-0.0029780000913888216,-0.0006473661051131785,0.9999949932098389,0,-1.9064329862594604,8.77306079864502,0,1
B14,mixamorig_LeftHandThumb4,13,1,0,0,0,0,1,0,0,0,0,1,0,1.832157015800476,7.4646477699279785,0,1
B15,mixamorig_LeftHandIndex1,10,0.989786684513092,-0.06983703374862671,0.12427007406949997,0,0.014753932133316994,0.9169653654098511,0.39791005849838257,0,-0.1417110562324524,-0.39201438426971436,0.9086360335350037,0,0,9.39650821685791,0,1
B16,mixamorig_LeftHandIndex2,15,0.9985311627388,0.0527118556201458,0.012505914084613323,0,-0.052090853452682495,0.870786726474762,0.48889344930648804,0,0.014880547299981117,-0.48882681131362915,0.8722541928291321,0,0.17730900645256042,11.760971069335938,0,1
B17,mixamorig_LeftHandIndex3,16,0.9996870160102844,0.02496499940752983,-0.0017369999550282955,0,-0.02496499940752983,0.9996880292892456,0.000007000000096013537,0,0.0017369999550282955,0.000037000001611886546,0.9999979734420776,0,-0.2071390002965927,9.901514053344727,0,1
B18,mixamorig_LeftHandIndex4,17,1,0,0,0,0,1,0,0,0,0,1,0,0.029829999431967735,7.350320816040039,0,1
B19,mixamorig_RightShoulder,3,0.08024951070547104,-0.07301987707614899,0.9940953850746155,0,-0.9047634601593018,-0.42383408546447754,0.04190784692764282,0,0.4182716906070709,-0.9027870893478394,-0.10007420182228088,0,-9.035642623901367,19.7058048248291,-0.11576300114393234,1
B20,mixamorig_RightArm,19,0.7751482129096985,-0.4179142415523529,0.4737793505191803,0,-0.051124218851327896,0.7059938907623291,0.7063544392585754,0,-0.6296766996383667,-0.5717666149139404,0.5258845090866089,0,0,19.80775260925293,0,1
B21,mixamorig_RightForeArm,20,0.874493420124054,-0.46073830127716064,-0.15158645808696747,0,0.45558956265449524,0.8874936699867249,-0.06921656429767609,0,0.1664232760667801,-0.008531861007213593,0.9860178232192993,0,0,40.20464324951172,0,1
B22,mixamorig_RightHand,21,0.98125159740448,0.08108659833669662,0.17473571002483368,0,-0.07329732924699783,0.9959901571273804,-0.05058355629444122,0,-0.17810791730880737,0.0368308462202549,0.983304500579834,0,0,49.27713394165039,0,1
B23,mixamorig_RightHandThumb1,22,0.8107253313064575,-0.5473049879074097,-0.2076171636581421,0,0.5701944231987,0.8186029195785522,0.06857872009277344,0,0.13240143656730652,-0.1740085780620575,0.9757934212684631,0,5.415946006774902,6.281674861907959,0,1
B24,mixamorig_RightHandThumb2,23,0.8664571642875671,0.49837014079093933,-0.02902638167142868,0,-0.4875519871711731,0.8572785258293152,0.1652955710887909,0,0.10727832466363907,-0.12906566262245178,0.9858130216598511,0,-0.16221599280834198,6.633286952972412,0,1
B25,mixamorig_RightHandThumb3,24,0.9074599742889404,-0.42013800144195557,-0.0005440000095404685,0,0.42013800144195557,0.9074599742889404,-0.00012099999730708078,0,0.0005450000171549618,-0.00011899999663000926,1,0,1.8871899843215942,8.678451538085938,0,1
B26,mixamorig_RightHandThumb4,25,1,0,0,0,0,1,0,0,0,0,1,0,-1.7249749898910522,7.733068943023682,0,1
B27,mixamorig_RightHandIndex1,22,0.975261926651001,-0.06365960091352463,-0.21168144047260284,0,0.1352473646402359,0.9293110966682434,0.34363770484924316,0,0.1748427301645279,-0.363765686750412,0.9149338006973267,0,0,9.64711856842041,-9.999999974752427e-7,1
B28,mixamorig_RightHandIndex2,27,0.9999972581863403,0.0021944709587842226,0.0005776153993792832,0,-0.0022683723364025354,0.9598854184150696,0.28036272525787354,0,0.000059304627939127386,-0.2803630828857422,0.9598881602287292,0,-0.2138179987668991,12.176512718200684,0,1
B29,mixamorig_RightHandIndex3,28,0.999925971031189,-0.012109999544918537,0.001285000005736947,0,0.012109999544918537,0.9999269843101501,-0.000007000000096013537,0,-0.0012839999981224537,0.000022000000171829015,0.9999989867210388,0,0.17326200008392334,9.65501594543457,0,1
B30,mixamorig_RightHandIndex4,29,1,0,0,0,0,1,0,0,0,0,1,0,0.04055599868297577,6.9557600021362305,0,1
B31,mixamorig_LeftUpLeg,0,-0.987200915813446,-0.1110391840338707,-0.11447460204362869,0,0.09721635282039642,-0.9880034923553467,0.1199873611330986,0,-0.12642520666122437,0.10732313990592957,0.9861530065536499,0,15.452430725097656,-8.73577880859375,0.11138299852609634,1
B32,mixamorig_LeftLeg,31,0.9989047646522522,-0.04633300378918648,0.006489089224487543,0,0.04583602026104927,0.9413927793502808,-0.33410799503326416,0,0.009373421780765057,0.3340396285057068,0.9424850344657898,0,0,68.6116943359375,0,1
B33,mixamorig_LeftFoot,32,0.9147071242332458,-0.03549330309033394,0.40255144238471985,0,-0.35375896096229553,0.41121524572372437,0.8400828838348389,0,-0.1953590214252472,-0.9108368158340454,0.3635852634906769,0,0,67.81954193115234,0,1
B34,mixamorig_LeftToeBase,33,0.9927501678466797,-0.0035273816902190447,0.12014340609312057,0,-0.06614863127470016,0.8185431957244873,0.5706241130828857,0,-0.10035533457994461,-0.5744337439537048,0.8123749494552612,0,0,33.82291030883789,0,1
B35,mixamorig_LeftToe_End,34,1,0,0,0,0,1,0,0,0,0,1,0,0,12.724933624267578,0,1
B36,mixamorig_RightUpLeg,0,-0.9636936187744141,0.059168122708797455,-0.2603699564933777,0,-0.1070128083229065,-0.9789831042289734,0.17360757291316986,0,-0.2446252405643463,0.19516775012016296,0.9497715830802917,0,-15.452430725097656,-8.73577880859375,-0.15540599822998047,1
B37,mixamorig_RightLeg,36,0.9988094568252563,0.04795996472239494,-0.008898925967514515,0,-0.04801667109131813,0.9346002340316772,-0.3523779809474945,0,-0.00858516339212656,0.3523862361907959,0.9357907772064209,0,0,68.59613800048828,0,1
B38,mixamorig_RightFoot,37,0.9776417016983032,-0.050534121692180634,-0.20411190390586853,0,0.2051389515399933,0.44240912795066833,0.8730255961418152,0,0.04618741199374199,-0.8953788876533508,0.44288426637649536,0,0,67.8037109375,0,1
B39,mixamorig_RightToeBase,38,0.9930540919303894,0.0015247076516970992,-0.11764653027057648,0,0.06564488261938095,0.8226349949836731,0.5647667050361633,0,0.09764157235622406,-0.5685673952102661,0.8168215751647949,0,0,33.953025817871094,0,1
B40,mixamorig_RightToe_End,39,1,0,0,0,0,1,0,0,0,0,1,0,0,12.887110710144043,0,1
@34,0,1,2,3,4,5,7,8,9,10,11,12,13,15,16,17,19,20,21,22,23,24,25,27,28,29,31,32,33,34,36,37,38,39
K0.000,0.9999729990959167,-0.006647999864071608,0.0030350000597536564,0,0.006550000049173832,0.9994940161705017,0.03112100064754486,0,-0.003240999998524785,-0.031099999323487282,0.9995110034942627,0,-13.326118469238281,164.62330627441406,10.790740966796875,1,0.9999880194664001,0.0035649999044835567,-0.0032569998875260353,0,-0.0036689999978989363,0.999459981918335,-0.03266400098800659,0,0.0031389999203383923,0.03267600014805794,0.9994609951972961,0,0,15.77532958984375,-0.517041027545929,1,0.9999380111694336,0.009193000383675098,-0.006345999892801046,0,-0.009192000143229961,0.9999579787254333,0.0001849999971454963,0,0.006347000133246183,-0.00012700000661425292,0.9999799728393555,0,0,18.4144229888916,0,1,0.9999380111694336,0.009193000383675098,-0.006345999892801046,0,-0.009192000143229961,0.9999579787254333,0.0001849999971454963,0,0.006347000133246183,-0.00012700000661425292,0.9999799728393555,0,0,21.045076370239258,0,1,0.9976630210876465,-0.03664100170135498,-0.057670000940561295,0,0.05048400163650513,0.9640640020370483,0.26082998514175415,0,0.04603999853134155,-0.2631320059299469,0.9636610150337219,0,0,23.675701141357422,0,1,0.9937469959259033,0.06926000118255615,0.0875760018825531,0,-0.0521400012075901,0.9814419746398926,-0.18453699350357056,0,-0.09873200207948685,0.1788170039653778,0.9789159893989563,0,0,18.886199951171875,2.2194950580596924,1,-0.006380000151693821,0.04278700053691864,-0.999064028263092,0,0.8979430198669434,-0.4394260048866272,-0.024553999304771423,0,-0.4400649964809418,-0.897258996963501,-0.035617001354694366,0,9.035642623901367,19.706745147705078,-0.14443500339984894,1,0.7606319785118103,0.44005098938941956,-0.4772779941558838,0,0.07698400318622589,0.6688669919967651,0.7393850088119507,0,0.6446030139923096,-0.5991430282592773,0.4748840034008026,0,0,19.80775260925293,0,1,0.9012500047683716,0.42962101101875305,0.056338001042604446,0,-0.4300920069217682,0.9027760028839111,-0.004098000004887581,0,-0.05262099951505661,-0.020538000389933586,0.998403012752533,0,0,40.20950698852539,0,1,0.9977070093154907,0.037376001477241516,-0.056421998888254166,0,-0.04595800116658211,0.9861429929733276,-0.159402996301651,0,0.04968300089240074,0.16163000464439392,0.9855999946594238,0,0,49.287017822265625,0,1,0.8535709977149963,0.49413299560546875,-0.16507300734519958,0,-0.4604490101337433,0.8637650012969971,0.20468799769878387,0,0.24372799694538116,-0.09870799630880356,0.9648069739341736,0,-5.663900852203369,6.149862766265869,0,1,0.8762159943580627,-0.46452200412750244,0.1283150017261505,0,0.4353100061416626,0.8771380186080933,0.2028139978647232,0,-0.20676200091838837,-0.12185200303792953,0.9707739949226379,0,0.07427600026130676,6.688110828399658,0,1,0.898402988910675,0.4391629993915558,0.002959999954327941,0,-0.4391629993915558,0.898406982421875,-0.0007259999983943999,0,-0.0029780000913888216,-0.0006479999865405262,0.9999949932098389,0,-1.9064329862594604,8.77306079864502,0,1,0.989503026008606,-0.07400599867105484,0.12412499636411667,0,0.027452999725937843,0.9395459890365601,0.34132200479507446,0,-0.14188100397586823,-0.3343310058116913,0.9317150115966797,0,0,9.39650821685791,0,1,0.9985269904136658,0.05278399959206581,0.012521999888122082,0,-0.052156001329422,0.8705790042877197,0.48925599455833435,0,0.014922999776899815,-0.4891889989376068,0.8720499873161316,0,0.17730900645256042,11.760971069335938,0,1,0.9996870160102844,0.02496499940752983,-0.0017369999550282955,0,-0.02496499940752983,0.9996880292892456,0.000007000000096013537,0,0.0017369999550282955,0.000037000001611886546,0.9999979734420776,0,-0.2071390002965927,9.901514053344727,0,1,0.07553700357675552,-0.07327000051736832,0.9944469928741455,0,-0.9023259878158569,-0.4294709861278534,0.036896001547575,0,0.4243830144405365,-0.900102972984314,-0.09855400025844574,0,-9.035642623901367,19.7058048248291,-0.11576300114393234,1,0.7789040207862854,-0.41464000940322876,0.4705139994621277,0,-0.05415799841284752,0.7029749751091003,0.7091500163078308,0,-0.624800980091095,-0.5778409838676453,0.5250930190086365,0,0,19.80775260925293,0,1,0.8798810243606567,-0.45009100437164307,-0.15240800380706787,0,0.4450629949569702,0.8929439783096313,-0.06760299950838089,0,0.16651900112628937,-0.008348999544978142,0.9860029816627502,0,0,40.20464324951172,0,1,0.9782599806785583,0.09058599919080734,0.18655100464820862,0,-0.0827220007777214,0.9953410029411316,-0.049529001116752625,0,-0.19016900658607483,0.03302000090479851,0.9811959862709045,0,0,49.27713394165039,0,1,0.8358539938926697,-0.5166109800338745,-0.18563500046730042,0,0.535269021987915,0.8420349955558777,0.06680899858474731,0,0.12179700285196304,-0.15520800650119781,0.9803450107574463,0,5.415946006774902,6.281674861907959,0,1,0.8602190017700195,0.5091879963874817,-0.027411000803112984,0,-0.4979439973831177,0.8503770232200623,0.17003299295902252,0,0.1098880022764206,-0.13261699676513672,0.98505699634552,0,-0.16221599280834198,6.633286952972412,0,1,0.9074599742889404,-0.42013800144195557,-0.0005440000095404685,0,0.42013800144195557,0.9074599742889404,-0.00012099999730708078,0,0.0005450000171549618,-0.00011800000356743112,1,0,1.8871899843215942,8.678451538085938,0,1,0.9757969975471497,-0.05183900147676468,-0.21244700253009796,0,0.12471000105142593,0.9299499988555908,0.3458920121192932,0,0.17963500320911407,-0.36401399970054626,0.9139059782028198,0,0,9.64711856842041,0,1,1,0.0005259999888949096,0.0003760000108741224,0,-0.0006140000186860561,0.95592200756073,0.2936190068721771,0,-0.00020399999630171806,-0.2936190068721771,0.95592200756073,0,-0.2138179987668991,12.176512718200684,0,1,0.999925971031189,-0.012109999544918537,0.001285000005736947,0,0.012109999544918537,0.9999269843101501,-0.000007000000096013537,0,-0.0012839999981224537,0.000022000000171829015,0.9999989867210388,0,0.17326200008392334,9.65501594543457,0,1,-0.9877030253410339,-0.10619799792766571,-0.11473400145769119,0,0.09356900304555893,-0.9894769787788391,0.11036399751901627,0,-0.12524700164794922,0.09827099740505219,0.9872469902038574,0,15.452430725097656,-8.73577880859375,0.11138299852609634,1,0.9989920258522034,-0.04458500072360039,0.005121999885886908,0,0.044210001826286316,0.9580510258674622,-0.2831690013408661,0,0.007718000095337629,0.28310999274253845,0.95905601978302,0,0,68.6116943359375,0,1,0.9129869937896729,-0.02362300083041191,0.40730300545692444,0,-0.3567560017108917,0.4381150007247925,0.8250939846038818,0,-0.1979369968175888,-0.8986089825630188,0.3915660083293915,0,0,67.81954193115234,0,1,0.9931079745292664,-0.0006370000191964209,0.11720100045204163,0,-0.06694299727678299,0.8177350163459778,0.5716879963874817,0,-0.09620299935340881,-0.5755940079689026,0.8120570182800293,0,0,33.82291030883789,0,1,-0.9673439860343933,0.05908200144767761,-0.2464829981327057,0,-0.10381399840116501,-0.9794989824295044,0.17263999581336975,0,-0.2312300056219101,0.19258999824523926,0.9536460041999817,0,-15.452430725097656,-8.73577880859375,-0.15540599822998047,1,0.9988830089569092,0.046560999006032944,-0.008098999969661236,0,-0.04675700142979622,0.9487040042877197,-0.31269100308418274,0,-0.006876000203192234,0.31272000074386597,0.9498209953308105,0,0,68.59613800048828,0,1,0.9754340052604675,-0.05446000024676323,-0.21345500648021698,0,0.21390999853610992,0.46571099758148193,0.8586940169334412,0,0.052643999457359314,-0.8832600116729736,0.46592000126838684,0,0,67.8037109375,0,1,0.993058979511261,0.0007239999831654131,-0.11761599779129028,0,0.06626900285482407,0.8227120041847229,0.5645830035209656,0,0.09717299789190292,-0.5684580206871033,0.8169530034065247,0,0,33.953025817871094,0,1
K0.033,0.9999690055847168,-0.0075440118089318275,0.0022549908608198166,0,0.007476012222468853,0.9995489716529846,0.029098976403474808,0,-0.0024739911314100027,-0.02908097580075264,0.9995740056037903,0,-13.312830924987793,164.52626037597656,10.901579856872559,1,0.9999880194664001,0.003557001007720828,-0.003272000467404723,0,-0.0036620008759200573,0.9994530081748962,-0.03285900503396988,0,0.00315400050021708,0.03287000209093094,0.9994549751281738,0,0,15.77532958984375,-0.517041027545929,1,0.9999399781227112,0.00895099900662899,-0.006383000873029232,0,-0.008952999487519264,0.9999600052833557,-0.0002020049432758242,0,0.006381000857800245,0.00025900494074448943,0.9999799728393555,0,0,18.4144229888916,0,1,0.9999399781227112,0.00895099900662899,-0.006383000873029232,0,-0.008952999487519264,0.9999600052833557,-0.0002020049432758242,0,0.006381000857800245,0.00025900494074448943,0.9999799728393555,0,0,21.045076370239258,0,1,0.9976739883422852,-0.03642499819397926,-0.05762000009417534,0,0.05023600161075592,0.9642220139503479,0.26029300689697266,0,0.04607800021767616,-0.262582004070282,0.9638090133666992,0,0,23.675701141357422,0,1,0.9937270283699036,0.06960000097751617,0.08754099905490875,0,-0.05242900177836418,0.981328010559082,-0.18505899608135223,0,-0.09878700226545334,0.17930899560451508,0.9788200259208679,0,0,18.886199951171875,2.2194950580596924,1,-0.005875995382666588,0.042736999690532684,-0.9990689754486084,0,0.8982459902763367,-0.43883299827575684,-0.0240549948066473,0,-0.43945300579071045,-0.8975520133972168,-0.03581000119447708,0,9.035642623901367,19.706745147705078,-0.14443500339984894,1,0.761089026927948,0.43931299448013306,-0.4772300124168396,0,0.07475998252630234,0.6714169979095459,0.7372990250587463,0,0.6443250179290771,-0.5968279838562012,0.47816503047943115,0,0,19.80775260925293,0,1,0.8991910219192505,0.4339180588722229,0.05630800127983093,0,-0.434393048286438,0.9007139801979065,-0.004142000339925289,0,-0.052515000104904175,-0.020736001431941986,0.9984049797058105,0,0,40.20950698852539,0,1,0.9976940155029297,0.035840947180986404,-0.05763588845729828,0,-0.04451093077659607,0.9866009950637817,-0.15696299076080322,0,0.05123789981007576,0.15916596353054047,0.9859210252761841,0,0,49.287017822265625,0,1,0.8533399701118469,0.4943281412124634,-0.16568301618099213,0,-0.4609241783618927,0.8638289570808411,0.20334190130233765,0,0.24363897740840912,-0.09715285897254944,0.9649879932403564,0,-5.663900852203369,6.149862766265869,0,1,0.8766220211982727,-0.4637549817562103,0.12831300497055054,0,0.43466299772262573,0.8775889873504639,0.20225298404693604,0,-0.2064010053873062,-0.12152699381113052,0.970890998840332,0,0.07427600026130676,6.688110828399658,0,1,0.898402988910675,0.4391629993915558,0.002959999954327941,0,-0.4391629993915558,0.898406982421875,-0.0007259999983943999,0,-0.0029780000913888216,-0.0006469999789260328,0.9999949932098389,0,-1.9064329862594604,8.77306079864502,0,1,0.9894959926605225,-0.0740630179643631,0.12414699792861938,0,0.027608003467321396,0.9397969841957092,0.34061604738235474,0,-0.14190001785755157,-0.33361005783081055,0.9319700002670288,0,0,9.39650821685791,0,1,0.9985349774360657,0.052657000720500946,0.012474000453948975,0,-0.05203299969434738,0.8709579706192017,0.4885939955711365,0,0.01486399956047535,-0.48852699995040894,0.8724219799041748,0,0.17730900645256042,11.760971069335938,0,1,0.9996870160102844,0.02496499940752983,-0.0017369999550282955,0,-0.02496499940752983,0.9996880292892456,0.000007000000096013537,0,0.0017369999550282955,0.000037000001611886546,0.9999979734420776,0,-0.2071390002965927,9.901514053344727,0,1,0.07591500133275986,-0.07320699840784073,0.994422972202301,0,-0.9022229909896851,-0.42965900897979736,0.03724600374698639,0,0.42453598976135254,-0.9000189900398254,-0.0986659973859787,0,-9.035642623901367,19.7058048248291,-0.11576300114393234,1,0.7764819860458374,-0.4160049855709076,0.47330203652381897,0,-0.056093014776706696,0.7024940252304077,0.7094759941101074,0,-0.627638041973114,-0.5774440169334412,0.5221390128135681,0,0,19.80775260925293,0,1,0.8778790235519409,-0.454086035490036,-0.15210099518299103,0,0.4490140378475189,0.8909180164337158,-0.06820400804281235,0,0.16648000478744507,-0.008420000784099102,0.9860090017318726,0,0,40.20464324951172,0,1,0.9781559705734253,0.09282102435827255,0.1859949678182602,0,-0.08565302938222885,0.9952520132064819,-0.04622896388173103,0,-0.1894029676914215,0.02928795851767063,0.9814630150794983,0,0,49.27713394165039,0,1,0.8350639343261719,-0.5178420543670654,-0.18576103448867798,0,0.5364280343055725,0.841361939907074,0.06599099934101105,0,0.12212001532316208,-0.15475401282310486,0.9803760051727295,0,5.415946006774902,6.281674861907959,0,1,0.8610460162162781,0.5077760219573975,-0.027621999382972717,0,-0.49657899141311646,0.8512809872627258,0.16950100660324097,0,0.10958299785852432,-0.13223199546337128,0.9851430058479309,0,-0.16221599280834198,6.633286952972412,0,1,0.9074599742889404,-0.42013800144195557,-0.0005440000095404685,0,0.42013800144195557,0.9074599742889404,-0.00012099999730708078,0,0.0005440000095404685,-0.00011800000356743112,1,0,1.8871899843215942,8.678451538085938,0,1,0.9757750034332275,-0.05318201705813408,-0.21221399307250977,0,0.12559302151203156,0.9304159879684448,0.3443160057067871,0,0.1791359782218933,-0.3626269996166229,0.914555013179779,0,0,9.64711856842041,0,1,1,0.00045800168300047517,0.0003640002105385065,0,-0.0005450017051771283,0.9557530283927917,0.29416900873184204,0,-0.0002129997155861929,-0.29416900873184204,0.9557530283927917,0,-0.2138179987668991,12.176512718200684,0,1,0.999925971031189,-0.012109999544918537,0.001285000005736947,0,0.012109999544918537,0.9999269843101501,-0.000007000000096013537,0,-0.0012839999981224537,0.000022000000171829015,0.9999989867210388,0,0.17326200008392334,9.65501594543457,0,1,-0.9875580072402954,-0.10702201724052429,-0.11521799862384796,0,0.09404201060533524,-0.9891639947891235,0.11274002492427826,0,-0.12603500485420227,0.10050202161073685,0.986922025680542,0,15.452430725097656,-8.73577880859375,0.11138299852609634,1,0.99897700548172,-0.04489000514149666,0.0054190028458833694,0,0.044505003839731216,0.9550369381904602,-0.2931281328201294,0,0.007983003742992878,0.29306912422180176,0.9560579657554626,0,0,68.6116943359375,0,1,0.9131320118904114,-0.025850025936961174,0.40684300661087036,0,-0.35658401250839233,0.4330379366874695,0.8278440833091736,0,-0.19757799804210663,-0.9010050296783447,0.38620293140411377,0,0,67.81954193115234,0,1,0.9930359721183777,-0.0012730067828670144,0.1178010106086731,0,-0.06674200296401978,0.817907989025116,0.571465015411377,0,-0.09707801043987274,-0.5753480195999146,0.8121269941329956,0,0,33.82291030883789,0,1,-0.9665820002555847,0.05905599519610405,-0.24946102499961853,0,-0.10447300970554352,-0.9793739914894104,0.17294999957084656,0,-0.2341020256280899,0.19323299825191498,0.9528160095214844,0,-15.452430725097656,-8.73577880859375,-0.15540599822998047,1,0.9988700151443481,0.04681500419974327,-0.008235001936554909,0,-0.046988002955913544,0.9463040232658386,-0.3198440968990326,0,-0.007180003449320793,0.31987008452415466,0.9474340081214905,0,0,68.59613800048828,0,1,0.9759050011634827,-0.05364999175071716,-0.211496964097023,0,0.21205098927021027,0.4616059362888336,0.8613670468330383,0,0.05141598358750343,-0.8854609727859497,0.4618609547615051,0,0,67.8037109375,0,1,0.9930580258369446,0.0008860018569976091,-0.11761999875307083,0,0.06614100188016891,0.8226979970932007,0.5646179914474487,0,0.09726600348949432,-0.568477988243103,0.8169280290603638,0,0,33.953025817871094,0,1
K0.067,0.9999610185623169,-0.008720987476408482,0.0013550089206546545,0,0.008681988343596458,0.9996089935302734,0.026586024090647697,0,-0.0015860088169574738,-0.026573024690151215,0.999646008014679,0,-13.309722900390625,164.41165161132812,11.030805587768555,1,0.9999880194664001,0.003656998975202441,-0.0033189994283020496,0,-0.0037649990990757942,0.9994450211524963,-0.03310699760913849,0,0.0031959994230419397,0.033118996769189835,0.9994459748268127,0,0,15.77532958984375,-0.517041027545929,1,0.9999399781227112,0.008867001160979271,-0.006479999050498009,0,-0.008872000500559807,0.9999600052833557,-0.0006969950627535582,0,0.0064739990048110485,0.0007539950311183929,0.9999790191650391,0,0,18.4144229888916,0,1,0.9999399781227112,0.008867001160979271,-0.006479999050498009,0,-0.008872000500559807,0.9999600052833557,-0.0006969950627535582,0,0.0064739990048110485,0.0007539950311183929,0.9999790191650391,0,0,21.045076370239258,0,1,0.9976789951324463,-0.03631899878382683,-0.0575920008122921,0,0.05010699853301048,0.9643399715423584,0.25988200306892395,0,0.04610000178217888,-0.26216399669647217,0.9639220237731934,0,0,23.675701141357422,0,1,0.9937329888343811,0.06958699971437454,0.08747900277376175,0,-0.05239500105381012,0.9812679886817932,-0.18538500368595123,0,-0.09873999655246735,0.17963899672031403,0.9787650108337402,0,0,18.886199951171875,2.2194950580596924,1,-0.005417004693299532,0.04268300160765648,-0.9990739822387695,0,0.8987579941749573,-0.4378120005130768,-0.02357800491154194,0,-0.43841299414634705,-0.898052990436554,-0.035989999771118164,0,9.035642623901367,19.706745147705078,-0.14443500339984894,1,0.7601379752159119,0.43968498706817627,-0.47839999198913574,0,0.07309701293706894,0.6737300157546997,0.7353529930114746,0,0.6456360220909119,-0.593940019607544,0.4799889624118805,0,0,19.80775260925293,0,1,0.8965520262718201,0.4393499493598938,0.0562720000743866,0,-0.4398309290409088,0.8980709910392761,-0.004196999594569206,0,-0.052379999309778214,-0.020986998453736305,0.9984070062637329,0,0,40.20950698852539,0,1,0.9984419941902161,0.03072104975581169,-0.04657511040568352,0,-0.03761206567287445,0.9871709942817688,-0.15517102181911469,0,0.041210100054740906,0.15668103098869324,0.9867889881134033,0,0,49.287017822265625,0,1,0.8448500633239746,0.5082348585128784,-0.16710598766803741,0,-0.47753283381462097,0.8572020530700684,0.19278810918331146,0,0.24122503399848938,-0.08307813853025436,0.9669070243835449,0,-5.663900852203369,6.149862766265869,0,1,0.8774200081825256,-0.4622580111026764,0.12826299667358398,0,0.4334000051021576,0.8784629702568054,0.20116402208805084,0,-0.20566299557685852,-0.12091600894927979,0.971123993396759,0,0.07427600026130676,6.688110828399658,0,1,0.898402988910675,0.4391619861125946,0.002959999954327941,0,-0.4391619861125946,0.898406982421875,-0.0007259999983943999,0,-0.0029780000913888216,-0.0006469999789260328,0.9999949932098389,0,-1.9064329862594604,8.77306079864502,0,1,0.9893789887428284,-0.07547398656606674,0.12422800064086914,0,0.02793799713253975,0.9374369978904724,0.34703195095062256,0,-0.14264799654483795,-0.3398759365081787,0.9295889735221863,0,0,9.39650821685791,0,1,0.9985349774360657,0.052650000900030136,0.012474000453948975,0,-0.05202699825167656,0.8709779977798462,0.4885599911212921,0,0.014859000220894814,-0.4884929955005646,0.8724409937858582,0,0.17730900645256042,11.760971069335938,0,1,0.9996870160102844,0.024963999167084694,-0.0017369999550282955,0,-0.024963999167084694,0.9996880292892456,0.000007000000096013537,0,0.0017369999550282955,0.000037000001611886546,0.9999979734420776,0,-0.2071390002965927,9.901514053344727,0,1,0.07618100196123123,-0.07319600135087967,0.9944040179252625,0,-0.9024069905281067,-0.4292469918727875,0.037536997348070145,0,0.42409801483154297,-0.9002159833908081,-0.09875299781560898,0,-9.035642623901367,19.7058048248291,-0.11576300114393234,1,0.7739440202713013,-0.4172990024089813,0.47631096839904785,0,-0.05770498514175415,0.7025610208511353,0.7092810273170471,0,-0.630620002746582,-0.576429009437561,0.5196620225906372,0,0,19.80775260925293,0,1,0.8757500052452087,-0.45828697085380554,-0.15177300572395325,0,0.45316797494888306,0.8887640237808228,-0.06883799284696579,0,0.16643700003623962,-0.008493999019265175,0.9860150218009949,0,0,40.20464324951172,0,1,0.9784240126609802,0.09477497637271881,0.18358902633190155,0,-0.08843696862459183,0.9951779842376709,-0.0424240380525589,0,-0.18672403693199158,0.02527203969657421,0.9820870161056519,0,0,49.27713394165039,0,1,0.8314780592918396,-0.5225659608840942,-0.1885949671268463,0,0.5416229367256165,0.8380390405654907,0.06583800166845322,0,0.12364598363637924,-0.15688998997211456,0.9798449873924255,0,5.415946006774902,6.281674861907959,0,1,0.8610309958457947,0.5078009963035583,-0.02761700004339218,0,-0.4965830147266388,0.8512380123138428,0.16970300674438477,0,0.10968399792909622,-0.13240599632263184,0.9851080179214478,0,-0.16221599280834198,6.633286952972412,0,1,0.9074599742889404,-0.42013800144195557,-0.0005440000095404685,0,0.42013800144195557,0.9074599742889404,-0.00012099999730708078,0,0.0005440000095404685,-0.00011800000356743112,1,0,1.8871899843215942,8.678451538085938,0,1,0.9756739735603333,-0.05519597977399826,-0.21216599643230438,0,0.12751097977161407,0.930122971534729,0.3444019854068756,0,0.17833101749420166,-0.3630770146846771,0.9145339727401733,0,0,9.64711856842041,0,1,1,0.0006269983132369816,0.00038399980985559523,0,-0.000711998320184648,0.9561660289764404,0.29282501339912415,0,-0.00018400029512122273,-0.29282501339912415,0.9561660289764404,0,-0.2138179987668991,12.176512718200684,0,1,0.999925971031189,-0.012109999544918537,0.001285000005736947,0,0.012109999544918537,0.9999269843101501,-0.000007000000096013537,0,-0.0012839999981224537,0.000022000000171829015,0.9999989867210388,0,0.17326200008392334,9.65501594543457,0,1,-0.9874029755592346,-0.10820998251438141,-0.11543499678373337,0,0.09489299356937408,-0.9887970089912415,0.11521797627210617,0,-0.12660899758338928,0.10281297564506531,0.9866099953651428,0,15.452430725097656,-8.73577880859375,0.11138299852609634,1,0.9989590048789978,-0.04525599628686905,0.005714997183531523,0,0.04484599456191063,0.9514670372009277,-0.3044668734073639,0,0.008340996690094471,0.3044058680534363,0.9525060653686523,0,0,68.6116943359375,0,1,0.9134479761123657,-0.028431974351406097,0.4059610068798065,0,-0.3560659885406494,0.4271940588951111,0.8310969471931458,0,-0.197053000330925,-0.9037129878997803,0.38009604811668396,0,0,67.81954193115234,0,1,0.9929559826850891,-0.0019419933669269085,0.11846598982810974,0,-0.06655500084161758,0.8180689811706543,0.5712559819221497,0,-0.0980219915509224,-0.5751169919967651,0.8121780157089233,0,0,33.82291030883789,0,1,-0.96567302942276,0.0588500052690506,-0.2530079782009125,0,-0.10502199083566666,-0.9792969822883606,0.1730560064315796,0,-0.23758496344089508,0.19368700683116913,0.9518610239028931,0,-15.452430725097656,-8.73577880859375,-0.15540599822998047,1,0.9988549947738647,0.04709199443459511,-0.008390998467803001,0,-0.04723799601197243,0.9435070157051086,-0.3279668986797333,0,-0.00752799678593874,0.3279879093170166,0.9446520209312439,0,0,68.59613800048828,0,1,0.9764620065689087,-0.05284600704908371,-0.20911303162574768,0,0.20984701812267303,0.4568580687046051,0.8644329309463501,0,0.049853015691041946,-0.8879680037498474,0.457194060087204,0,0,67.8037109375,0,1,0.9930570125579834,0.0010739981662482023,-0.11762599647045135,0,0.06599400192499161,0.8226799964904785,0.564661979675293,0,0.09737499803304672,-0.5685039758682251,0.8168969750404358,0,0,33.953025817871094,0,1
K0.100,0.9999499917030334,-0.009955000132322311,0.0005240000318735838,0,0.009940000250935555,0.9996700286865234,0.023677999153733253,0,-0.0007590000750496984,-0.023670999333262444,0.9997199773788452,0,-13.318861961364746,164.2816162109375,11.181242942810059,1,0.999987006187439,0.0038330000825226307,-0.003346000099554658,0,-0.003942999988794327,0.9994360208511353,-0.03335399925708771,0,0.0032160000409930944,0.03336599841713905,0.9994379878044128,0,0,15.77532958984375,-0.517041027545929,1,0.9999390244483948,0.008925000205636024,-0.006533000152558088,0,-0.008933000266551971,0.9999589920043945,-0.0011869999580085278,0,0.006521999835968018,0.0012450000504031777,0.9999780058860779,0,0,18.4144229888916,0,1,0.9999390244483948,0.008925000205636024,-0.006533000152558088,0,-0.008933000266551971,0.9999589920043945,-0.0011869999580085278,0,0.006521999835968018,0.0012450000504031777,0.9999780058860779,0,0,21.045076370239258,0,1,0.9976810216903687,-0.03626000136137009,-0.05759900063276291,0,0.05002199858427048,0.9645130038261414,0.25925499200820923,0,0.046153999865055084,-0.26153498888015747,0.9640899896621704,0,0,23.675701141357422,0,1,0.9937580227851868,0.06936000287532806,0.08737300336360931,0,-0.05213199928402901,0.9811739921569824,-0.18595699965953827,0,-0.09862600266933441,0.18024200201034546,0.9786649942398071,0,0,18.886199951171875,2.2194950580596924,1,-0.0050940001383423805,0.04262400045990944,-0.9990779757499695,0,0.8993970155715942,-0.43651700019836426,-0.023209000006318092,0,-0.4371030032634735,-0.8986859917640686,-0.03611199930310249,0,9.035642623901367,19.706745147705078,-0.14443500339984894,1,0.758991003036499,0.44016700983047485,-0.479775995016098,0,0.07231499999761581,0.6753219962120056,0.73396897315979,0,0.6470720171928406,-0.5917710065841675,0.4807330071926117,0,0,19.80775260925293,0,1,0.893992006778717,0.44453901052474976,0.05624200031161308,0,-0.4450249969959259,0.8955079913139343,-0.0042500002309679985,0,-0.052253998816013336,-0.021229999139904976,0.9984080195426941,0,0,40.20950698852539,0,1,0.9988129734992981,0.03435400128364563,-0.03452900052070618,0,-0.03942599892616272,0.9864959716796875,-0.1589689999818802,0,0.028602000325918198,0.16014200448989868,0.9866799712181091,0,0,49.287017822265625,0,1,0.820842981338501,0.5485309958457947,-0.1591539978981018,0,-0.5224329829216003,0.8337000012397766,0.17890900373458862,0,0.23082299530506134,-0.06370899826288223,0.970907986164093,0,-5.663900852203369,6.149862766265869,0,1,0.8815460205078125,-0.4544300138950348,0.12794899940490723,0,0.4267910122871399,0.8829699754714966,0.19548399746418,0,-0.20180800557136536,-0.11772000044584274,0.9723250269889832,0,0.07427600026130676,6.688110828399658,0,1,0.898402988910675,0.4391629993915558,0.002959999954327941,0,-0.4391629993915558,0.898406982421875,-0.0007259999983943999,0,-0.0029780000913888216,-0.0006479999865405262,0.9999949932098389,0,-1.9064329862594604,8.77306079864502,0,1,0.989434003829956,-0.07472100108861923,0.12424799799919128,0,0.025699999183416367,0.9337869882583618,0.3569050133228302,0,-0.1426900029182434,-0.3499400019645691,0.9258409738540649,0,0,9.39650821685791,0,1,0.9985319972038269,0.052696000784635544,0.012494999915361404,0,-0.05207400023937225,0.8708369731903076,0.48880699276924133,0,0.014876999892294407,-0.4887399971485138,0.8723030090332031,0,0.17730900645256042,11.760971069335938,0,1,0.9996870160102844,0.02496499940752983,-0.0017369999550282955,0,-0.02496499940752983,0.9996880292892456,0.000007000000096013537,0,0.0017369999550282955,0.000037000001611886546,0.9999979734420776,0,-0.2071390002965927,9.901514053344727,0,1,0.07693900167942047,-0.07316400110721588,0.9943479895591736,0,-0.902899980545044,-0.4281359910964966,0.03836100175976753,0,0.4229089915752411,-0.9007480144500732,-0.0989999994635582,0,-9.035642623901367,19.7058048248291,-0.11576300114393234,1,0.7721740007400513,-0.418300986289978,0.4783009886741638,0,-0.057805001735687256,0.7033759951591492,0.7084630131721497,0,-0.6327769756317139,-0.5747050046920776,0.5189489722251892,0,0,19.80775260925293,0,1,0.8742600083351135,-0.46119800209999084,-0.1515440046787262,0,0.4560459852218628,0.8872560262680054,-0.06927700340747833,0,0.16640900075435638,-0.008545000106096268,0.986020028591156,0,0,40.20464324951172,0,1,0.9794449806213379,0.09332499653100967,0.17882199585437775,0,-0.08720800280570984,0.9953129887580872,-0.04178699851036072,0,-0.1818840056657791,0.025333000347018242,0.982994019985199,0,0,49.27713394165039,0,1,0.8243600130081177,-0.531374990940094,-0.19512100517749786,0,0.5517100095748901,0.8313500285148621,0.06687600165605545,0,0.126677006483078,-0.1627800017595291,0.9784970283508301,0,5.415946006774902,6.281674861907959,0,1,0.8612269759178162,0.5074660181999207,-0.027667999267578125,0,-0.4962430000305176,0.8514339923858643,0.1697160005569458,0,0.10968299955129623,-0.13243399560451508,0.9851040244102478,0,-0.16221599280834198,6.633286952972412,0,1,0.9074599742889404,-0.42013800144195557,-0.0005440000095404685,0,0.42013800144195557,0.9074599742889404,-0.00012099999730708078,0,0.0005450000171549618,-0.00011800000356743112,1,0,1.8871899843215942,8.678451538085938,0,1,0.9754899740219116,-0.05839499831199646,-0.21215200424194336,0,0.13071399927139282,0.9293749928474426,0.3452189862728119,0,0.17700999975204468,-0.36448898911476135,0.9142289757728577,0,0,9.64711856842041,0,1,0.9999989867210388,0.0011060000397264957,0.0004450000124052167,0,-0.0011869999580085278,0.957319974899292,0.2890259921550751,0,-0.00010599999950500205,-0.28902700543403625,0.9573209881782532,0,-0.2138179987668991,12.176512718200684,0,1,0.999925971031189,-0.012109999544918537,0.0012839999981224537,0,0.012109999544918537,0.9999269843101501,-0.000007000000096013537,0,-0.0012839999981224537,0.000022000000171829015,0.9999989867210388,0,0.17326200008392334,9.65501594543457,0,1,-0.9872750043869019,-0.1095300018787384,-0.11528900265693665,0,0.09594199806451797,-0.988431990146637,0.11745999753475189,0,-0.12682099640369415,0.10490500181913376,0.9863629937171936,0,15.452430725097656,-8.73577880859375,0.11138299852609634,1,0.9989389777183533,-0.04565199837088585,0.006087999790906906,0,0.04523099958896637,0.947521984577179,-0.3164750039577484,0,0.008678999729454517,0.3164139986038208,0.9485809803009033,0,0,68.6116943359375,0,1,0.9139400124549866,-0.031233999878168106,0.40464699268341064,0,-0.3551880121231079,0.4208259880542755,0.8347139954566956,0,-0.19635799527168274,-0.9066029787063599,0.3735159933567047,0,0,67.81954193115234,0,1,0.9928780198097229,-0.0025710000190883875,0.11910899728536606,0,-0.06639300286769867,0.8181880116462708,0.5711050033569336,0,-0.098921999335289,-0.5749459862709045,0.8121899962425232,0,0,33.82291030883789,0,1,-0.964726984500885,0.05869099870324135,-0.2566249966621399,0,-0.10561200231313705,-0.9792309999465942,0.1730699986219406,0,-0.24113799631595612,0.19406799972057343,0.950888991355896,0,-15.452430725097656,-8.73577880859375,-0.15540599822998047,1,0.9988390207290649,0.04742100089788437,-0.00851100031286478,0,-0.047513000667095184,0.9402920007705688,-0.33703699707984924,0,-0.007980000227689743,0.3370499908924103,0.9414529800415039,0,0,68.59613800048828,0,1,0.977029025554657,-0.05200200155377388,-0.20666499435901642,0,0.2075909972190857,0.45145899057388306,0.8678079843521118,0,0.048172999173402786,-0.8907750248908997,0.451884001493454,0,0,67.8037109375,0,1,0.993058979511261,0.0012450000504031777,-0.1176149994134903,0,0.06584999710321426,0.8226640224456787,0.5647010207176208,0,0.09746100008487701,-0.568526029586792,0.8168720006942749,0,0,33.953025817871094,0,1
