9.433,30,283,65
B0,mixamorig_Hips,-1,0.858670711517334,0.02083885855972767,0.5120919942855835,0,-0.12230125069618225,0.9786357283592224,0.1652427762746811,0,-0.49771469831466675,-0.20451411604881287,0.8428802490234375,0,-0.2812451720237732,57.073036193847656,1.2940385341644287,1
B1,mixamorig_Spine,0,0.9553367495536804,-0.11906523257493973,-0.2704572081565857,0,0.13352087140083313,0.9904049634933472,0.03562476113438606,0,0.2636210024356842,-0.07014913856983185,0.9620683193206787,0,0,3.962399959564209,-0.2743000090122223,1
B2,mixamorig_Spine1,1,0.9971053600311279,0.01562754437327385,-0.07440101355314255,0,-0.006282809190452099,0.992225706577301,0.12418065965175629,0,0.07576489448547363,-0.12335357069969177,0.9894521236419678,0,0,14.123299598693848,0.26440000534057617,1
B3,mixamorig_Spine2,2,0.9969223737716675,-0.032808274030685425,-0.07119956612586975,0,0.04117051139473915,0.9919896125793457,0.11931183189153671,0,0.06671489775180817,-0.12187617272138596,0.9902867674827576,0,0,11.404500007629395,0.10610000044107437,1
B4,mixamorig_Neck,3,0.9992750883102417,-0.03236505761742592,-0.019863609224557877,0,0.03397815674543381,0.995631217956543,0.08689034730195999,0,0.016957812011241913,-0.08750502020120621,0.9960141181945801,0,0,9.946700096130371,0,1
B5,mixamorig_Head,4,0.9435893893241882,-0.17315080761909485,-0.28204652667045593,0,0.12882333993911743,0.9771226644515991,-0.16902875900268555,0,0.30490967631340027,0.12320999801158905,0.9443279504776001,0,0,8.579099655151367,0.11420000344514847,1
B6,mixamorig_HeadTop_End,5,1,0,0,0,0,1,0,0,0,0,1,0,0,25.089099884033203,0.33390000462532043,1
B7,mixamorig_LeftShoulder,3,-0.4493906497955322,0.16026945412158966,-0.8788327574729919,0,0.6204924583435059,-0.6517353653907776,-0.43613970279693604,0,-0.6426659822463989,-0.7413190007209778,0.19344016909599304,0,4.224100112915039,8.89840030670166,-0.05660000070929527,1
B8,mixamorig_LeftArm,7,0.7368019223213196,0.08942607045173645,-0.6700108051300049,0,-0.1251378357410431,0.9920930862426758,-0.0050744954496622086,0,0.6643117666244507,0.08751562982797623,0.7421655654907227,0,0,8.861000061035156,0,1
B9,mixamorig_LeftForeArm,8,0.36329057812690735,0.9311138391494751,0.031968507915735245,0,-0.9311268329620361,0.361705482006073,0.046331629157066345,0,0.03157821670174599,-0.04659850895404816,0.998414933681488,0,0,18.975200653076172,0,1
B10,mixamorig_LeftHand,9,0.6809426546096802,0.4152034521102905,0.6032553911209106,0,-0.18600355088710785,0.8947650790214539,-0.4058990180492401,0,-0.7082964181900024,0.16418977081775665,0.686522901058197,0,0,19.895999908447266,0,1
B11,mixamorig_LeftHandThumb1,10,0.8328629732131958,0.5132370591163635,-0.20718799531459808,0,-0.4126650094985962,0.8252819776535034,0.38550901412963867,0,0.36884599924087524,-0.23557700216770172,0.8991420269012451,0,-2.088900089263916,2.1412999629974365,1.2094000577926636,1
B12,mixamorig_LeftHandThumb2,11,0.9597970247268677,-0.2725290060043335,-0.06720999628305435,0,0.2804679870605469,0.9215189814567566,0.2685909867286682,0,-0.011264000087976456,-0.2766430079936981,0.960906982421875,0,-0.329800009727478,2.5601000785827637,0,1
B13,mixamorig_LeftHandThumb3,12,0.9629819989204407,-0.25991401076316833,-0.07148200273513794,0,0.23364299535751343,0.9370359778404236,-0.2595660090446472,0,0.13444599509239197,0.233255997300148,0.9630759954452515,0,0.07689999788999557,2.7272000312805176,0,1
B14,mixamorig_LeftHandThumb4,13,1,0,0,0,0,1,0,0,0,0,1,0,0.25290000438690186,2.237600088119507,0,1
B15,mixamorig_LeftHandIndex1,10,0.9979329705238342,-0.009885000064969063,-0.06349100172519684,0,0.06372199952602386,0.2793720066547394,0.9580659866333008,0,0.008267000317573547,-0.9601320028305054,0.2794249951839447,0,-2.5859999656677246,6.942299842834473,0.02969999983906746,1
B16,mixamorig_LeftHandIndex2,15,0.9909809827804565,-0.08901900053024292,-0.1001650020480156,0,0.08917199820280075,-0.11989299952983856,0.9887740015983582,0,-0.10002899914979935,-0.9887880086898804,-0.1108739972114563,0,0.0010000000474974513,2.844899892807007,0,1
B17,mixamorig_LeftHandIndex3,16,0.99760502576828,-0.06366600096225739,-0.027036000043153763,0,0.06377299875020981,0.6952459812164307,0.7159370183944702,0,-0.026784999296069145,-0.7159460186958313,0.6976419687271118,0,-0.0013000000035390258,2.6654999256134033,0,1
B18,mixamorig_LeftHandIndex4,17,1,0,0,0,0,1,0,0,0,0,1,0,0.0003000000142492354,2.2973999977111816,0,1
B19,mixamorig_LeftHandMiddle1,10,0.9928789734840393,-0.019821999594569206,-0.11746600270271301,0,0.11892300099134445,0.2225389927625656,0.9676430225372314,0,0.0069599999114871025,-0.9747220277786255,0.22331106662750244,0,-0.8149999976158142,6.827199935913086,-0.11010000109672546,1
B20,mixamorig_LeftHandMiddle2,19,0.9917870163917542,-0.08280500024557114,-0.0974780023097992,0,0.0869000032544136,-0.12294899672269821,0.98860102891922,0,-0.09384600073099136,-0.9889519810676575,-0.11474394053220749,0,-0.011699999682605267,3.2567999362945557,0,1
B21,mixamorig_LeftHandMiddle3,20,0.9979889988899231,-0.05895499885082245,-0.023296941071748734,0,0.057812999933958054,0.6957489848136902,0.7159550189971924,0,-0.02600006014108658,-0.715861976146698,0.6977580189704895,0,-0.000699999975040555,3.1779000759124756,0,1
B22,mixamorig_LeftHandMiddle4,21,1,0,0,0,0,1,0,0,0,0,1,0,0.012400000356137753,2.6951000690460205,0,1
B23,mixamorig_LeftHandRing1,10,0.9846770167350769,-0.021383000537753105,-0.1730709969997406,0,0.1742050051689148,0.165910005569458,0.970632016658783,0,0.007958999834954739,-0.9859089851379395,0.1670919954776764,0,0.8988000154495239,6.77869987487793,-0.023000000044703484,1
B24,mixamorig_LeftHandRing2,23,0.9925209879875183,-0.08010800182819366,-0.09211499989032745,0,0.08059900254011154,-0.13670994341373444,0.987326979637146,0,-0.09168600291013718,-0.9873669743537903,-0.12922999262809753,0,-0.004000000189989805,2.9579999446868896,0,1
B25,mixamorig_LeftHandRing3,24,0.997937023639679,-0.0593860000371933,-0.024383999407291412,0,0.05891500040888786,0.6963099837303162,0.7153189778327942,0,-0.02550099976360798,-0.7152799963951111,0.6983720064163208,0,0.0024999999441206455,2.7569000720977783,0,1
B26,mixamorig_LeftHandRing4,25,1,0,0,0,0,1,0,0,0,0,1,0,0.001500000013038516,2.3345999717712402,0,1
B27,mixamorig_LeftHandPinky1,10,0.9611999988555908,-0.2461950033903122,-0.12442599982023239,0,0.15645599365234375,0.11506299674510956,0.9809600114822388,0,-0.22719094157218933,-0.962365984916687,0.14911699295043945,0,2.50219988822937,6.3907999992370605,0.08749999850988388,1
B28,mixamorig_LeftHandPinky2,27,0.9913939833641052,-0.08870600163936615,-0.09627500176429749,0,0.0853390023112297,-0.11976300179958344,0.9891279935836792,0,-0.0992719978094101,-0.9888319969177246,-0.11116199940443039,0,0.0031999999191612005,2.623699903488159,0,1
B29,mixamorig_LeftHandPinky3,28,0.99726802110672,-0.06766200065612793,-0.029628999531269073,0,0.06841199845075607,0.6948279738426208,0.7159150242805481,0,-0.027853000909090042,-0.7159860134124756,0.6975589394569397,0,0.0038999998942017555,2.1321001052856445,0,1
B30,mixamorig_LeftHandPinky4,29,1,0,0,0,0,1,0,0,0,0,1,0,-0.0071000000461936,1.7932000160217285,0,1
B31,mixamorig_RightShoulder,3,0.5180268287658691,-0.30451565980911255,0.7993018627166748,0,-0.8462997078895569,-0.31778863072395325,0.4274483323097229,0,0.12385094910860062,-0.8979142904281616,-0.4223092198371887,0,-4.224100112915039,8.897299766540527,-0.03020000085234642,1
B32,mixamorig_RightArm,31,0.9017835855484009,-0.4295271933078766,-0.034810472279787064,0,0.4125197231769562,0.8842732310295105,-0.21874463558197021,0,0.12472934275865555,0.1828637272119522,0.9746202826499939,0,0,8.861000061035156,0,1
B33,mixamorig_RightForeArm,32,0.4679777920246124,-0.8833692669868469,-0.025431577116250992,0,0.8833843469619751,0.46678829193115234,0.04161040484905243,0,-0.024885812774300575,-0.04193858429789543,0.9988104701042175,0,0,18.973600387573242,0,1
B34,mixamorig_RightHand,33,0.8946537375450134,-0.2690497636795044,-0.35664185881614685,0,-0.09807585179805756,0.6605733633041382,-0.7442711591720581,0,0.4358435273170471,0.7008387446403503,0.5645965337753296,0,0,19.898300170898438,0,1
B35,mixamorig_RightHandThumb1,34,0.8111910223960876,-0.5536330342292786,0.18830500543117523,0,0.4515399932861328,0.7976179718971252,0.3998970091342926,0,-0.3715919852256775,-0.23936599493026733,0.8970080018043518,0,2.062000036239624,2.147700071334839,1.2410000562667847,1
B36,mixamorig_RightHandThumb2,35,0.9443429708480835,0.3226349949836731,0.06420999765396118,0,-0.32782700657844543,0.9067860245704651,0.265082985162735,0,0.027300000190734863,-0.2713799476623535,0.9620850086212158,0,0.274399995803833,2.5659000873565674,0,1
B37,mixamorig_RightHandThumb3,36,0.9199979901313782,0.3892189860343933,0.045965999364852905,0,-0.365803986787796,0.8948580026626587,-0.25576794147491455,0,-0.14068199694156647,0.21849100291728973,0.9656450152397156,0,-0.07670000195503235,2.7302000522613525,0,1
B38,mixamorig_RightHandThumb4,37,1,0,0,0,0,1,0,0,0,0,1,0,-0.19769999384880066,2.24429988861084,0,1
B39,mixamorig_RightHandIndex1,34,0.9986870288848877,0.002002999885007739,0.05118706077337265,0,-0.04961305856704712,0.2865909934043884,0.9567670226097107,0,-0.012753999792039394,-0.9580510258674622,0.2863140106201172,0,2.5699000358581543,7.053800106048584,0.05090000107884407,1
B40,mixamorig_RightHandIndex2,39,0.9939799904823303,0.0728350579738617,0.08185005933046341,0,-0.07274699956178665,-0.11989005655050278,0.9901180267333984,0,0.08192899823188782,-0.9901120066642761,-0.11387000232934952,0,-0.001500000013038516,2.8162999153137207,0,1
B41,mixamorig_RightHandIndex3,40,0.9983980059623718,0.05203099921345711,0.022251000627875328,0,-0.05220799893140793,0.6952239871025085,0.7168949842453003,0,0.021831000223755836,-0.7169079780578613,0.6968259811401367,0,0.0012000000569969416,2.6396000385284424,0,1
B42,mixamorig_RightHandIndex4,41,1,0,0,0,0,1,0,0,0,0,1,0,0.0003000000142492354,2.241499900817871,0,1
B43,mixamorig_RightHandMiddle1,34,0.9945729970932007,0.012132000178098679,0.10332900285720825,0,-0.1033470630645752,0.2294979989528656,0.9678069949150085,0,-0.011971999891102314,-0.9732330441474915,0.2295069396495819,0,0.765500009059906,7.018199920654297,-0.09040000289678574,1
B44,mixamorig_RightHandMiddle2,43,0.9947479963302612,0.06789500266313553,0.07659900188446045,0,-0.06785299628973007,-0.12288793921470642,0.9900979995727539,0,0.07663600146770477,-0.9900950193405151,-0.11763499677181244,0,0.008500000461935997,3.3401999473571777,0,1
B45,mixamorig_RightHandMiddle3,44,0.9983559846878052,0.05324200168251991,0.021245000883936882,0,-0.05233500152826309,0.6953349709510803,0.7167779803276062,0,0.0233910009264946,-0.7167109847068787,0.696977972984314,0,-0.007899999618530273,3.0566999912261963,0,1
B46,mixamorig_RightHandMiddle4,45,1,0,0,0,0,1,0,0,0,0,1,0,-0.0006000000284984708,2.6394999027252197,0,1
B47,mixamorig_RightHandRing1,34,0.9876009821891785,0.020472059026360512,0.15564300119876862,0,-0.1568300575017929,0.1724720001220703,0.972449004650116,0,-0.006935941055417061,-0.9848020076751709,0.17354406416416168,0,-0.892300009727478,6.911099910736084,-0.12160000205039978,1
B48,mixamorig_RightHandRing2,47,0.993852972984314,0.0728750005364418,0.0833439975976944,0,-0.07279500365257263,-0.13703599572181702,0.987887978553772,0,0.08341299742460251,-0.9878820180892944,-0.13088800013065338,0,-0.003000000026077032,2.9238998889923096,0,1
B49,mixamorig_RightHandRing3,48,0.9984390139579773,0.05129700154066086,0.022092999890446663,0,-0.05161700025200844,0.6963679790496826,0.7158259749412537,0,0.021335000172257423,-0.715848982334137,0.6979290246963501,0,0.0026000000070780516,2.7179999351501465,0,1
B50,mixamorig_RightHandRing4,49,1,0,0,0,0,1,0,0,0,0,1,0,0.0003000000142492354,2.3796000480651855,0,1
B51,mixamorig_RightHandPinky1,34,0.965041995048523,0.2383289933204651,0.10905899852514267,0,-0.14108799397945404,0.12170899659395218,0.9824870228767395,0,0.22088199853897095,-0.9635279774665833,0.15107999742031097,0,-2.4430999755859375,6.45359992980957,0.12549999356269836,1
B52,mixamorig_RightHandPinky2,51,0.9943109750747681,0.07180800288915634,0.07867199927568436,0,-0.06970500200986862,-0.11982399970293045,0.9903450012207031,0,0.08054199814796448,-0.9901949763298035,-0.11413700133562088,0,-0.0026000000070780516,2.6278998851776123,0,1
B53,mixamorig_RightHandPinky3,52,0.9982749819755554,0.05379800125956535,0.023496000096201897,0,-0.054329998791217804,0.6950280070304871,0.7169269919395447,0,0.022238999605178833,-0.716966986656189,0.6967520117759705,0,-0.0019000000320374966,2.122499942779541,0,1
B54,mixamorig_RightHandPinky4,53,1,0,0,0,0,1,0,0,0,0,1,0,0.0044999998062849045,1.7920000553131104,0,1
B55,mixamorig_LeftUpLeg,0,-0.9814205765724182,-0.14200115203857422,0.1288166344165802,0,0.17880646884441376,-0.4355916678905487,0.8821471333503723,0,-0.06920908391475677,0.8888295888900757,0.452926367521286,0,7.557000160217285,-4.826300144195557,0.3005000054836273,1
B56,mixamorig_LeftLeg,55,0.9991151094436646,0.04012249782681465,-0.012182582169771194,0,-0.01960371620953083,0.1901475042104721,-0.9815422296524048,0,-0.0370495542883873,0.9809238910675049,0.19076767563819885,0,-0.12460000067949295,24.065799713134766,0.1046999990940094,1
B57,mixamorig_LeftFoot,56,0.975689172744751,-0.21116141974925995,-0.05865051969885826,0,0.11020002514123917,0.24140089750289917,0.9641428589820862,0,-0.18943436443805695,-0.9471678733825684,0.258803129196167,0,-0.006000000052154064,33.0630989074707,0.0038999998942017555,1
B58,mixamorig_LeftToeBase,57,0.9998199343681335,-0.004410780966281891,0.018469590693712234,0,-0.010431298054754734,0.6851606369018555,0.7283164262771606,0,-0.01586718112230301,-0.7283783555030823,0.684990644454956,0,-0.0052999998442828655,12.89330005645752,-0.515500009059906,1
B59,mixamorig_LeftToe_End,58,1,0,0,0,0,1,0,0,0,0,1,0,0.0142000000923872,6.42080020904541,0.007899999618530273,1
B60,mixamorig_RightUpLeg,0,-0.994405210018158,0.033340852707624435,-0.10007183253765106,0,-0.09454421699047089,-0.7023192048072815,0.7055068016052246,0,-0.046795960515737534,0.7110459804534912,0.7015599012374878,0,-7.557000160217285,-4.826300144195557,0.3005000054836273,1
B61,mixamorig_RightLeg,60,0.9756687879562378,-0.2083110511302948,-0.06834147870540619,0,-0.025948502123355865,0.19984976947307587,-0.9794759154319763,0,0.21769796311855316,0.9574167728424072,0.1895843893289566,0,0.12479999661445618,24.070100784301758,-0.14489999413490295,1
B62,mixamorig_RightFoot,61,0.9598969221115112,0.24739272892475128,-0.13188989460468292,0,0.15844613313674927,-0.09061718732118607,0.9832003116607666,0,0.2312854826450348,-0.964667558670044,-0.12618112564086914,0,0.006000000052154064,33.0630989074707,0.0044999998062849045,1
B63,mixamorig_RightToeBase,62,0.9998350143432617,0.003102462040260434,-0.017898527905344963,0,0.010017409920692444,0.7277868986129761,0.6857290863990784,0,0.015153351239860058,-0.6857960224151611,0.72763592004776,0,0.005400000140070915,12.718299865722656,-0.5224000215530396,1
B64,mixamorig_RightToe_End,63,1,0,0,0,0,1,0,0,0,0,1,0,-0.0142000000923872,6.412099838256836,0.007899999618530273,1
@52,0,1,2,3,4,5,7,8,9,10,11,12,13,15,16,17,19,20,21,23,24,25,27,28,29,31,32,33,34,35,36,37,39,40,41,43,44,45,47,48,49,51,52,53,55,56,57,58,60,61,62,63
K0.000,0.8919969797134399,0.14905500411987305,0.4267599880695343,0,-0.1480640023946762,0.988332986831665,-0.035718001425266266,0,-0.42710500955581665,-0.03132700175046921,0.9036589860916138,0,-0.13231299817562103,63.780540466308594,-0.355569988489151,1,0.9927319884300232,0.009372999891638756,0.1199830025434494,0,-0.013451999984681606,0.9993569850921631,0.03323199972510338,0,-0.11959400027990341,-0.0346050001680851,0.9922199845314026,0,0,3.962399959564209,-0.2743000090122223,1,0.9983100295066833,0.04943900182843208,0.030548999086022377,0,-0.04778100177645683,0.9974610209465027,-0.05280499905347824,0,-0.03308200091123581,0.051256000995635986,0.9981369972229004,0,0,14.123299598693848,0.26440000534057617,1,0.999284029006958,0.0073540001176297665,0.03711000084877014,0,-0.005429000128060579,0.9986479878425598,-0.05168899893760681,0,-0.03743999823927879,0.05144999921321869,0.9979739785194397,0,0,11.404500007629395,0.10610000044107437,1,0.9973589777946472,-0.03279300034046173,-0.06480199843645096,0,0.04518900066614151,0.978708028793335,0.20022399723529816,0,0.05685700103640556,-0.20262299478054047,0.9776049852371216,0,0,9.946700096130371,0,1,0.6984779834747314,-0.0658470019698143,-0.7125959992408752,0,0.22382000088691711,0.9659039974212646,0.13013100624084473,0,0.6797299981117249,-0.2503870129585266,0.6894009709358215,0,0,8.579099655151367,0.11420000344514847,1,0.04058999940752983,0.10649099946022034,-0.9934849739074707,0,0.9644849896430969,-0.2639029920101166,0.011118000373244286,0,-0.26100000739097595,-0.9586529731750488,-0.1134210005402565,0,4.224100112915039,8.89840030670166,-0.05660000070929527,1,0.723101019859314,0.3768329918384552,-0.5788969993591309,0,-0.08330599963665009,0.8795379996299744,0.4684790074825287,0,0.685699999332428,-0.2905319929122925,0.6673870086669922,0,0,8.861000061035156,0,1,0.3999890089035034,0.9160240292549133,0.030141999945044518,0,-0.9160370230674744,0.39849498867988586,0.04558100178837776,0,0.02974100038409233,-0.04584300145506859,0.9985060095787048,0,0,18.975200653076172,0,1,0.818589985370636,0.4053319990634918,-0.40696001052856445,0,-0.5370569825172424,0.7913680076599121,-0.2920739948749542,0,0.2036679983139038,0.45765000581741333,0.8654919862747192,0,0,19.895999908447266,0,1,0.8232139945030212,0.5141569972038269,-0.2407509982585907,0,-0.4110240042209625,0.8322740197181702,0.3719939887523651,0,0.3916339874267578,-0.20727600157260895,0.8964710235595703,0,-2.088900089263916,2.1412999629974365,1.2094000577926636,1,0.9504349827766418,-0.30435699224472046,-0.06356099992990494,0,0.30969300866127014,0.9085109829902649,0.28053200244903564,0,-0.027636000886559486,-0.2863120138645172,0.9577379822731018,0,-0.329800009727478,2.5601000785827637,0,1,0.9422490000724792,-0.32681798934936523,-0.07318799942731857,0,0.2971239984035492,0.9165679812431335,-0.2676199972629547,0,0.15454499423503876,0.23041899502277374,0.9607409834861755,0,0.07689999788999557,2.7272000312805176,0,1,0.9976159930229187,-0.011312000453472137,-0.06806900352239609,0,0.06900300085544586,0.16613200306892395,0.9836859703063965,0,0.00018099999579135329,-0.9860389828681946,0.1665170043706894,0,-2.5859999656677246,6.942299842834473,0.02969999983906746,1,0.9903280138969421,-0.08778700232505798,-0.10744199901819229,0,0.08794999867677689,-0.20172099769115448,0.9754859805107117,0,-0.10730800032615662,-0.9755010008811951,-0.19204899668693542,0,0.0010000000474974513,2.844899892807007,0,1,0.9973369836807251,-0.06645800173282623,-0.03003700077533722,0,0.06657599657773972,0.6614869832992554,0.7469959855079651,0,-0.029774999246001244,-0.7470059990882874,0.6641499996185303,0,-0.0013000000035390258,2.6654999256134033,0,1,0.991686999797821,-0.016354000195860863,-0.12763099372386932,0,0.12867200374603271,0.12002000212669373,0.9843980073928833,0,-0.0007800000021234155,-0.9926369786262512,0.12112700194120407,0,-0.8149999976158142,6.827199935913086,-0.11010000109672546,1,0.9911789894104004,-0.08163999766111374,-0.10439399629831314,0,0.0860389992594719,-0.20272499322891235,0.9754490256309509,0,-0.10079900175333023,-0.9758269786834717,-0.19391299784183502,0,-0.011699999682605267,3.2567999362945557,0,1,0.9977049827575684,-0.06228899955749512,-0.02655399963259697,0,0.06098499894142151,0.6561660170555115,0.7521479725837708,0,-0.029425999149680138,-0.7520409822463989,0.6584590077400208,0,-0.000699999975040555,3.1779000759124756,0,1,0.9827439785003662,-0.013176999986171722,-0.1845030039548874,0,0.18497200310230255,0.07309000194072723,0.9800220131874084,0,0.0005719999899156392,-0.9972379803657532,0.07426600158214569,0,0.8988000154495239,6.77869987487793,-0.023000000044703484,1,0.9920160174369812,-0.07909300178289413,-0.09822899848222733,0,0.07961700111627579,-0.2112800031900406,0.9741770029067993,0,-0.0978040024638176,-0.9742199778556824,-0.2032960057258606,0,-0.004000000189989805,2.9579999446868896,0,1,0.9976119995117188,-0.06300199776887894,-0.028286000713706017,0,0.062456000596284866,0.6482769846916199,0.7588379979133606,0,-0.029471000656485558,-0.7587929964065552,0.6506649851799011,0,0.0024999999441206455,2.7569000720977783,0,1,0.964896023273468,-0.22435800731182098,-0.1365240067243576,0,0.14968200027942657,0.04264000058174133,0.9878140091896057,0,-0.21580299735069275,-0.9735730290412903,0.07472600042819977,0,2.50219988822937,6.3907999992370605,0.08749999850988388,1,0.9906920194625854,-0.08753400295972824,-0.1042490005493164,0,0.08389200270175934,-0.2105019986629486,0.9739869832992554,0,-0.10720200091600418,-0.9736670255661011,-0.2011989951133728,0,0.0031999999191612005,2.623699903488159,0,1,0.9968810081481934,-0.07124499976634979,-0.03394100069999695,0,0.07210200279951096,0.6474260091781616,0.7587100267410278,0,-0.03207999840378761,-0.7587910294532776,0.6505439877510071,0,0.0038999998942017555,2.1321001052856445,0,1,0.12898699939250946,-0.08722099661827087,0.9878029823303223,0,-0.9598199725151062,-0.26131999492645264,0.10225900262594223,0,0.24921299517154694,-0.9613029956817627,-0.11742399632930756,0,-4.224100112915039,8.897299766540527,-0.03020000085234642,1,0.7141330242156982,-0.5904970169067383,0.37593600153923035,0,0.3701449930667877,0.7743610143661499,0.5131840109825134,0,-0.5941439867019653,-0.2273309975862503,0.7715659737586975,0,0,8.861000061035156,0,1,0.653099000453949,-0.7570880055427551,-0.016712000593543053,0,0.7571009993553162,0.6523240208625793,0.0356610007584095,0,-0.016096999868750572,-0.03594300150871277,0.9992240071296692,0,0,18.973600387573242,0,1,0.5308089852333069,-0.549235999584198,0.6454319953918457,0,0.8356500267982483,0.4660620093345642,-0.2906459867954254,0,-0.14117799699306488,0.6936330199241638,0.7063590288162231,0,0,19.898300170898438,0,1,0.812034010887146,-0.5546280145645142,0.18162700533866882,0,0.4550020098686218,0.7965430021286011,0.3981119990348816,0,-0.3654780089855194,-0.24063999950885773,0.8991770148277283,0,2.062000036239624,2.147700071334839,1.2410000562667847,1,0.9449660181999207,0.3204199969768524,0.06610900163650513,0,-0.32636600732803345,0.9090589880943298,0.2590300142765045,0,0.022901000455021858,-0.26635000109672546,0.9636039733886719,0,0.274399995803833,2.5659000873565674,0,1,0.9245100021362305,0.3782869875431061,0.04668600112199783,0,-0.35438400506973267,0.8981950283050537,-0.2601119875907898,0,-0.1403300017118454,0.22393099963665009,0.9644489884376526,0,-0.07670000195503235,2.7302000522613525,0,1,0.9995359778404236,-0.004728000145405531,0.030086999759078026,0,-0.02724199928343296,0.30295801162719727,0.9526150226593018,0,-0.01361900009214878,-0.9529920220375061,0.30268800258636475,0,2.5699000358581543,7.053800106048584,0.05090000107884407,1,0.9941049814224243,0.07303299754858017,0.08013699948787689,0,-0.07294700294733047,-0.09630399942398071,0.9926750063896179,0,0.08021499961614609,-0.9926689863204956,-0.09040900319814682,0,-0.001500000013038516,2.8162999153137207,0,1,0.9984400272369385,0.05146000161767006,0.02166599966585636,0,-0.051631998270750046,0.7032549977302551,0.70906001329422,0,0.021251000463962555,-0.709073007106781,0.7048149704933167,0,0.0012000000569969416,2.6396000385284424,0,1,0.9949520230293274,0.012165999971330166,0.09961000084877014,0,-0.09950199723243713,0.2484000027179718,0.9635339975357056,0,-0.013020999729633331,-0.9685810208320618,0.24835599958896637,0,0.765500009059906,7.018199920654297,-0.09040000289678574,1,0.9948620200157166,0.06801699846982956,0.07498999685049057,0,-0.06797599792480469,-0.10015799850225449,0.9926469922065735,0,0.07502800226211548,-0.9926440119743347,-0.09502000361680984,0,0.008500000461935997,3.3401999473571777,0,1,0.9983969926834106,0.0526840016245842,0.020679999142885208,0,-0.05180000141263008,0.7033690214157104,0.708935022354126,0,0.022803999483585358,-0.708869993686676,0.7049710154533386,0,-0.007899999618530273,3.0566999912261963,0,1,0.9863439798355103,0.023621000349521637,0.16299700736999512,0,-0.16450299322605133,0.1896750032901764,0.9679679870605469,0,-0.008053000085055828,-0.9815629720687866,0.19097000360488892,0,-0.892300009727478,6.911099910736084,-0.12160000205039978,1,0.9939650297164917,0.07309199869632721,0.08180399984121323,0,-0.07301399856805801,-0.1157580018043518,0.99058997631073,0,0.08187399804592133,-0.9905840158462524,-0.10972300171852112,0,-0.003000000026077032,2.9238998889923096,0,1,0.9984809756278992,0.0507269985973835,0.021511999890208244,0,-0.05103899911046028,0.7043759822845459,0.7079899907112122,0,0.020762000232934952,-0.7080119848251343,0.7058950066566467,0,0.0026000000070780516,2.7179999351501465,0,1,0.9644740223884583,0.23685699701309204,0.11699999868869781,0,-0.15181699395179749,0.1344899982213974,0.9792159795761108,0,0.21619899570941925,-0.9621909856796265,0.16567100584506989,0,-2.4430999755859375,6.45359992980957,0.12549999356269836,1,0.9944109916687012,0.07194499671459198,0.07727599889039993,0,-0.06987900286912918,-0.10019800066947937,0.992510974407196,0,0.07914900034666061,-0.9923629760742188,-0.09460999816656113,0,-0.0026000000070780516,2.6278998851776123,0,1,0.9983180165290833,0.053259000182151794,0.022905999794602394,0,-0.05377800017595291,0.7030649781227112,0.7090889811515808,0,0.021661000326275826,-0.7091289758682251,0.7047460079193115,0,-0.0019000000320374966,2.122499942779541,0,1,-0.9755480289459229,0.08472000062465668,0.20280300080776215,0,0.07199600338935852,-0.7486339807510376,0.6590629816055298,0,0.2076610028743744,0.6575480103492737,0.724228024482727,0,7.557000160217285,-4.826300144195557,0.3005000054836273,1,0.9784079790115356,0.11346700042486191,0.1727530062198639,0,0.07405699789524078,0.58787602186203,-0.8055539727210999,0,-0.19296100735664368,0.8009539842605591,0.5667790174484253,0,-0.12460000067949295,24.065799713134766,0.1046999990940094,1,0.9484869837760925,-0.09528899937868118,0.3021480143070221,0,-0.19986100494861603,0.5600209832191467,0.8040099740028381,0,-0.2458219975233078,-0.8229799866676331,0.5121279954910278,0,-0.006000000052154064,33.0630989074707,0.0038999998942017555,1,0.9998149871826172,-0.0050479997880756855,0.01853800006210804,0,-0.010603999719023705,0.6595990061759949,0.7515429854393005,0,-0.016022000461816788,-0.751600980758667,0.6594229936599731,0,-0.0052999998442828655,12.89330005645752,-0.515500009059906,1,-0.9807400107383728,0.10974700003862381,-0.16157199442386627,0,-0.16744400560855865,-0.8983039855957031,0.4062179923057556,0,-0.10056000202894211,0.4254480004310608,0.8993780016899109,0,-7.557000160217285,-4.826300144195557,0.3005000054836273,1,0.9685699939727783,-0.2349720001220703,-0.08161100000143051,0,0.058687999844551086,0.5347080230712891,-0.8429960012435913,0,0.24171899259090424,0.8117110133171082,0.5316929817199707,0,0.12479999661445618,24.070100784301758,-0.14489999413490295,1,0.9518979787826538,0.22786200046539307,-0.20486600697040558,0,0.19065900146961212,0.08294899761676788,0.9781460165977478,0,0.23987600207328796,-0.9701539874076843,0.03551499918103218,0,0.006000000052154064,33.0630989074707,0.0044999998062849045,1,0.9998440146446228,0.0017859999788925052,-0.017575999721884727,0,0.009689999744296074,0.7764300107955933,0.6301289796829224,0,0.014771999791264534,-0.630200982093811,0.776291012763977,0,0.005400000140070915,12.718299865722656,-0.5224000215530396,1
K0.033,0.8414434194564819,0.1840634047985077,0.5080287456512451,0,-0.17078222334384918,0.982590913772583,-0.07313642650842667,0,-0.5126458406448364,-0.025221971794962883,0.8582294583320618,0,-0.021945741027593613,62.74142837524414,-0.13827459514141083,1,0.9973530173301697,-0.004602191038429737,0.07257138192653656,0,0.0015802147099748254,0.999131977558136,0.04163714125752449,0,-0.0727003887295723,-0.04141214117407799,0.9964939951896667,0,0,3.962399959564209,-0.2743000090122223,1,0.9987499713897705,0.04676496610045433,0.017623834311962128,0,-0.0457499735057354,0.997484028339386,-0.054154008626937866,0,-0.02011183276772499,0.05328001454472542,0.9983770251274109,0,0,14.123299598693848,0.26440000534057617,1,0.9996970295906067,0.00293295131996274,0.024419834837317467,0,-0.001621960080228746,0.9985629916191101,-0.05356201156973839,0,-0.024541832506656647,0.05350601673126221,0.9982659816741943,0,0,11.404500007629395,0.10610000044107437,1,0.9969649910926819,-0.039506036788225174,-0.06708301603794098,0,0.05317004397511482,0.9749330282211304,0.2160520702600479,0,0.056867003440856934,-0.21896307170391083,0.9740750193595886,0,0,9.946700096130371,0,1,0.6987950205802917,-0.05005788058042526,-0.7135689854621887,0,0.23238208889961243,0.9593289494514465,0.1602712720632553,0,0.6765239238739014,-0.2778172492980957,0.6820059418678284,0,0,8.579099655151367,0.11420000344514847,1,-0.00583759555593133,0.12260419875383377,-0.9924379587173462,0,0.9614779353141785,-0.27206408977508545,-0.03926664590835571,0,-0.2748211920261383,-0.9544369578361511,-0.11629301309585571,0,4.224100112915039,8.89840030670166,-0.05660000070929527,1,0.7515934705734253,0.38414275646209717,-0.5362284183502197,0,-0.07394075393676758,0.8568688035011292,0.5102043747901917,0,0.6554694175720215,-0.34381771087646484,0.6724211573600769,0,0,8.861000061035156,0,1,0.5043458938598633,0.8631414175033569,0.024948954582214355,0,-0.8631533980369568,0.5031118988990784,0.04294896870851517,0,0.024518955498933792,-0.043195970356464386,0.9987660050392151,0,0,18.975200653076172,0,1,0.8053147792816162,0.4123741388320923,-0.42592930793762207,0,-0.5454670786857605,0.7968322038650513,-0.2598542273044586,0,0.23223759233951569,0.44159451127052307,0.8666370511054993,0,0,19.895999908447266,0,1,0.8279080390930176,0.513933002948761,-0.22459188103675842,0,-0.4118559956550598,0.8288990259170532,0.37855204939842224,0,0.38071390986442566,-0.2209061086177826,0.8979179859161377,0,-2.088900089263916,2.1412999629974365,1.2094000577926636,1,0.9551000595092773,-0.28902387619018555,-0.06517801433801651,0,0.2956209182739258,0.9149290323257446,0.2747969627380371,0,-0.019789941608905792,-0.2817269563674927,0.9592900276184082,0,-0.329800009727478,2.5601000785827637,0,1,0.9528710842132568,-0.2946597635746002,-0.07219099253416061,0,0.2667037546634674,0.9270410537719727,-0.2635599672794342,0,0.14458492398262024,0.23188601434230804,0.9619380235671997,0,0.07689999788999557,2.7272000312805176,0,1,0.9977620244026184,-0.010645994916558266,-0.06601198762655258,0,0.06673097610473633,0.22115139663219452,0.9729538559913635,0,0.004241027403622866,-0.9751818776130676,0.22136639058589935,0,-2.5859999656677246,6.942299842834473,0.02969999983906746,1,0.9906200170516968,-0.08841601014137268,-0.10418197512626648,0,0.08857500553131104,-0.1650647073984146,0.9822970628738403,0,-0.10404697805643082,-0.9823120832443237,-0.1556847095489502,0,0.0010000000474974513,2.844899892807007,0,1,0.9974679946899414,-0.06512898951768875,-0.0285749901086092,0,0.0652419924736023,0.6779411435127258,0.7322158813476562,0,-0.02831699140369892,-0.7322258949279785,0.6804731488227844,0,-0.0013000000035390258,2.6654999256134033,0,1,0.992264986038208,-0.018169011920690536,-0.12279896438121796,0,0.12409796565771103,0.16967935860157013,0.9776549339294434,0,0.003074026433750987,-0.9853319525718689,0.17062236368656158,0,-0.8149999976158142,6.827199935913086,-0.11010000109672546,1,0.9914519786834717,-0.08223401010036469,-0.10129398107528687,0,0.08649600297212601,-0.1669597178697586,0.9821620583534241,0,-0.09767897427082062,-0.982528030872345,-0.15841971337795258,0,-0.011699999682605267,3.2567999362945557,0,1,0.9978470206260681,-0.06066598743200302,-0.0249249879270792,0,0.05944298952817917,0.6759361028671265,0.7345588803291321,0,-0.027714988216757774,-0.734458863735199,0.6780871152877808,0,-0.000699999975040555,3.1779000759124756,0,1,0.9836959838867188,-0.01729302853345871,-0.17900395393371582,0,0.17978794872760773,0.11796332895755768,0.9766069650650024,0,0.004228025674819946,-0.9928669333457947,0.11914932727813721,0,0.8988000154495239,6.77869987487793,-0.023000000044703484,1,0.9922429919242859,-0.07960899919271469,-0.09547697752714157,0,0.08011800050735474,-0.17772772908210754,0.9808130860328674,0,-0.09505097568035126,-0.9808540344238281,-0.16997073590755463,0,-0.004000000189989805,2.9579999446868896,0,1,0.9977779984474182,-0.06121498718857765,-0.02629498764872551,0,0.06070799008011818,0.6727861762046814,0.7373418211936951,0,-0.02744598686695099,-0.7372997999191284,0.6750081777572632,0,0.0024999999441206455,2.7569000720977783,0,1,0.9631419777870178,-0.23494307696819305,-0.13099294900894165,0,0.15294502675533295,0.07770425081253052,0.9851750135421753,0,-0.22128205001354218,-0.9688979387283325,0.11077325791120529,0,2.50219988822937,6.3907999992370605,0.08749999850988388,1,0.9910200238227844,-0.08817600458860397,-0.10052397102117538,0,0.08466200530529022,-0.16813066601753235,0.9821220636367798,0,-0.10349997133016586,-0.9818130731582642,-0.15915566682815552,0,0.0031999999191612005,2.623699903488159,0,1,0.9970750212669373,-0.06950898468494415,-0.03178098425269127,0,0.07031198590993881,0.6712021827697754,0.7379319071769714,0,-0.029960984364151955,-0.7380079030990601,0.6741262078285217,0,0.0038999998942017555,2.1321001052856445,0,1,0.18095561861991882,-0.06992381066083908,0.9810028672218323,0,-0.9558688998222351,-0.24724699556827545,0.15869565308094025,0,0.23145297169685364,-0.9664260149002075,-0.11157897114753723,0,-4.224100112915039,8.897299766540527,-0.03020000085234642,1,0.6250980496406555,-0.6513733267784119,0.4300747513771057,0,0.43217262625694275,0.7476547956466675,0.5042206645011902,0,-0.6499844193458557,-0.12932069599628448,0.7488637566566467,0,0,8.861000061035156,0,1,0.6828562021255493,-0.7303928136825562,-0.01530999131500721,0,0.7304058074951172,0.6821461915969849,0.03440399095416069,0,-0.014684991911053658,-0.03467599302530289,0.9992910027503967,0,0,18.973600387573242,0,1,0.5527705550193787,-0.5407510995864868,0.6340603828430176,0,0.8253636956214905,0.4602440297603607,-0.3270336985588074,0,-0.1149793341755867,0.7041049599647522,0.7007251977920532,0,0,19.898300170898438,0,1,0.8115869760513306,-0.5541390180587769,0.1850840300321579,0,0.4532580077648163,0.7971000075340271,0.39898398518562317,0,-0.3686230182647705,-0.2399200052022934,0.8980839848518372,0,2.062000036239624,2.147700071334839,1.2410000562667847,1,0.9446049928665161,0.3216789960861206,0.06514199078083038,0,-0.32724300026893616,0.9078689813613892,0.262082040309906,0,0.025166016072034836,-0.26888102293014526,0.9628450274467468,0,0.274399995803833,2.5659000873565674,0,1,0.9221590161323547,0.3840310275554657,0.04629799723625183,0,-0.3603610396385193,0.8964229822158813,-0.25800198316574097,0,-0.14058400690555573,0.221234992146492,0.965034008026123,0,-0.07670000195503235,2.7302000522613525,0,1,0.9991779923439026,-0.0012909765355288982,0.040522076189517975,0,-0.03834807872772217,0.2942579388618469,0.9549559950828552,0,-0.013156996108591557,-0.9557250142097473,0.29396694898605347,0,2.5699000358581543,7.053800106048584,0.05090000107884407,1,0.994038999080658,0.07293400168418884,0.08103501051664352,0,-0.07284700125455856,-0.10867408663034439,0.9914050102233887,0,0.08111400902271271,-0.9913979768753052,-0.10271308571100235,0,-0.001500000013038516,2.8162999153137207,0,1,0.9984179735183716,0.051760002970695496,0.02197200246155262,0,-0.05193500220775604,0.699055016040802,0.7131800055503845,0,0.02155500277876854,-0.7131929993629456,0.7006369829177856,0,0.0012000000569969416,2.6396000385284424,0,1,0.9947609901428223,0.012148000299930573,0.10150501132011414,0,-0.10146601498126984,0.23847591876983643,0.9658330082893372,0,-0.012472996488213539,-0.9710729718208313,0.23845893144607544,0,0.765500009059906,7.018199920654297,-0.09040000289678574,1,0.9948019981384277,0.06795799732208252,0.0758340060710907,0,-0.06791599839925766,-0.1120900809764862,0.9913740158081055,0,0.07587200403213501,-0.9913719892501831,-0.10689207911491394,0,0.008500000461935997,3.3401999473571777,0,1,0.9983749985694885,0.05297800526022911,0.02097500115633011,0,-0.05208100378513336,0.6991680264472961,0.7130579948425293,0,0.023111002519726753,-0.7129920125007629,0.7007910013198853,0,-0.007899999618530273,3.0566999912261963,0,1,0.9869639873504639,0.021982988342642784,0.159433975815773,0,-0.16076897084712982,0.18064093589782715,0.970320999622345,0,-0.007469995878636837,-0.9833030104637146,0.18181994557380676,0,-0.892300009727478,6.911099910736084,-0.12160000205039978,1,0.9939060211181641,0.07298199832439423,0.08261200785636902,0,-0.07290299981832504,-0.12692207098007202,0.9892299771308899,0,0.08268200606107712,-0.9892240166664124,-0.1208270713686943,0,-0.003000000026077032,2.9238998889923096,0,1,0.998458981513977,0.051027003675699234,0.02181600220501423,0,-0.051343005150556564,0.7001879811286926,0.7121099829673767,0,0.02106100134551525,-0.71213299036026,0.7017289996147156,0,0.0026000000070780516,2.7179999351501465,0,1,0.9647909998893738,0.2374339997768402,0.11314796656370163,0,-0.14647595584392548,0.1277339607477188,0.9809330105781555,0,0.2184540182352066,-0.9629690051078796,0.1580149382352829,0,-2.4430999755859375,6.45359992980957,0.12549999356269836,1,0.9943580031394958,0.07187700271606445,0.0780080109834671,0,-0.06979099661111832,-0.11049707233905792,0.9914230108261108,0,0.0798800066113472,-0.9912739992141724,-0.10485807806253433,0,-0.0026000000070780516,2.6278998851776123,0,1,0.9982960224151611,0.053543005138635635,0.023215001448988914,0,-0.054068002849817276,0.6988620162010193,0.7132099866867065,0,0.021963002160191536,-0.7132499814033508,0.7005659937858582,0,-0.0019000000320374966,2.122499942779541,0,1,-0.9789760112762451,0.10923533141613007,0.17225782573223114,0,0.03594962880015373,-0.7388880252838135,0.672868013381958,0,0.20078009366989136,0.6649149656295776,0.7194270491600037,0,7.557000160217285,-4.826300144195557,0.3005000054836273,1,0.974236011505127,0.1718672513961792,0.146032452583313,0,0.03426352143287659,0.5271984338760376,-0.849051296710968,0,-0.22291193902492523,0.8321803212165833,0.5077265501022339,0,-0.12460000067949295,24.065799713134766,0.1046999990940094,1,0.9472658634185791,-0.15963175892829895,0.27785685658454895,0,-0.15228261053562164,0.5386766195297241,0.8286362290382385,0,-0.28195253014564514,-0.8272510766983032,0.48596060276031494,0,-0.006000000052154064,33.0630989074707,0.0038999998942017555,1,0.999813973903656,-0.005303999874740839,0.018559999763965607,0,-0.010676000267267227,0.6491199731826782,0.7606109976768494,0,-0.016081999987363815,-0.7606670260429382,0.6489430069923401,0,-0.0052999998442828655,12.89330005645752,-0.515500009059906,1,-0.9799409508705139,0.14387246966362,-0.13790366053581238,0,-0.19192224740982056,-0.8677016496658325,0.45854148268699646,0,-0.05368735268712044,0.4758104085922241,0.8779077529907227,0,-7.557000160217285,-4.826300144195557,0.3005000054836273,1,0.9604459404945374,-0.27571630477905273,-0.039032623171806335,0,0.09315523505210876,0.4502201974391937,-0.8880443572998047,0,0.26242220401763916,0.8492832779884338,0.45809727907180786,0,0.12479999661445618,24.070100784301758,-0.14489999413490295,1,0.9649240374565125,0.23184002935886383,-0.12317223101854324,0,0.11524128913879395,0.04750164970755577,0.992201030254364,0,0.2358829826116562,-0.9715930223464966,0.019117826595902443,0,0.006000000052154064,33.0630989074707,0.0044999998062849045,1,0.9998440146446228,0.0017850021831691265,-0.017575999721884727,0,0.009690000675618649,0.7764739394187927,0.6300750970840454,0,0.014771000482141972,-0.6301470994949341,0.7763349413871765,0,0.005400000140070915,12.718299865722656,-0.5224000215530396,1
